3.922567932140836433e+00 -3.238411286686244117e-01
-2.207421032366238212e+00 -3.271425655559841772e+00
9.648391519617399714e-01 -3.727720404844844460e+00
3.371184716780921686e+00 -1.839525744733339740e+00
2.416467617730182926e+00 -2.954246447514262908e+00
-3.072633252300917661e+00 -2.276071879534892872e+00
-3.117853341287200486e+00 -2.220054584370276363e+00
2.251629643010017556e+00 -3.146453167389082761e+00
-1.060181965052285902e+00 -3.693004846816243525e+00
-1.003553865966883674e+00 -3.720112639836166135e+00
3.940788347412895742e+00 3.504423168501915042e-01
-3.144929589725879548e+00 2.317223096754753797e+00
-3.852681071838778504e+00 1.302896203246236007e-01
3.620833741632677683e+00 1.352738433056295486e+00
-1.314121686198925776e+00 -3.657908960001740262e+00
-2.416046358216064061e+00 2.986719836827639529e+00
4.084002293434218500e-01 3.846630902976215349e+00
2.296320927461116934e+00 -3.159292646284529660e+00
-3.266209835604449108e+00 -2.101786946213775931e+00
3.814650222789538248e+00 7.212129679981152952e-01
7.798895877371458951e-02 3.925798117277398358e+00
-2.079630697404386996e+00 -3.217361185392104250e+00
-3.873145843090446405e+00 1.198901018539641761e-01
-3.308149743216007632e+00 -2.002936193983306357e+00
3.906677115686556068e+00 2.902363469310623167e-01
-8.455355643889062023e-01 -3.866497885818905633e+00
-3.348716237371434534e+00 -1.931287113405214306e+00
-3.102894973401821410e+00 2.221175859985047740e+00
3.889013877842755207e+00 2.223454469789162558e-01
3.306576929759994066e+00 -2.029810152573923610e+00
9.963745840367292939e-01 3.723719089198235022e+00
3.132691648676437346e+00 2.314571178215777625e+00
1.724643064887056321e+00 -3.559828284421445943e+00
3.519612313872277021e+00 1.606056808288517601e+00
3.081296562355234858e+00 2.386246960041862319e+00
3.334127908694952236e+00 1.924314342714297021e+00
-2.335327531884100249e+00 -3.000547298038741317e+00
-9.379555826347885095e-01 -3.887446485139487873e+00
3.620893236772108725e+00 -1.287396275918591293e+00
-9.665474862081032681e-01 -3.713934151607590106e+00
-2.060107997984975903e+00 -3.315015374481723676e+00
-3.097019094605693468e+00 -2.413484662802670933e+00
1.723870891934021765e+00 -3.486402942529950089e+00
9.392968558142994473e-01 -3.812564261353346584e+00
3.353737174693115275e+00 1.975365781391136721e+00
-8.955826563574885713e-01 -3.841426861478161925e+00
2.752328909700002546e-01 -3.842935813641660481e+00
-2.850927072266313367e+00 -2.607460213096477908e+00
-3.695020509753006888e+00 -9.563634611246404349e-01
-1.437249802989035041e+00 3.611998592721387791e+00
-1.395967525821916411e+00 -3.584328647877106810e+00
2.857168064520006379e+00 2.639880369580132058e+00
3.597564499309951813e+00 1.457071240787922051e+00
-3.632091662072995941e+00 -1.171577808784815655e+00
3.375138820853169186e+00 -1.905127209715592240e+00
-2.548209492009489541e+00 -2.887222261987923755e+00
3.218458791345803593e+00 -2.077173766000310007e+00
2.794862241435219108e+00 2.604611631342277800e+00
1.952038826316727427e+00 -3.417822497530263792e+00
6.377612207366294417e-01 -3.823878000556253376e+00
-3.645224600227566114e+00 1.471089973856154476e+00
-3.605934310055783243e+00 -1.487901607132182225e+00
2.780405429076883816e+00 -2.627066987217684169e+00
-3.570162045526327876e+00 1.614918735290389984e+00
-4.113588456592142117e-01 3.870746454470614939e+00
-9.146532804654853299e-01 3.794065755776202309e+00
3.365460416697644064e+00 -1.898638966863553268e+00
-3.792203537592433449e+00 1.009065649540306087e+00
2.765433226085916463e+00 -2.767109532275882966e+00
3.814963536054749138e+00 4.397551133862727668e-01
9.801948212226340162e-01 -3.724141028023294275e+00
-2.883393204372876273e+00 2.580579019322050804e+00
2.950295041783495886e+00 -2.468998216024958836e+00
3.309658828990730939e+00 1.939870236558495664e+00
3.565699079317679487e+00 1.516580645524180815e+00
-1.698206831738203526e+00 -3.546092870499286676e+00
-3.803991403931647142e+00 2.467112199267513239e-01
-1.261322799671483086e+00 3.675582714880241575e+00
-3.846983730576199356e+00 3.106069129333296486e-01
2.461497421545991049e+00 2.989957025968047244e+00
3.005674018268961856e+00 2.541020570995275563e+00
3.790475466995940401e+00 -7.219883185887220334e-01
3.878109297138616185e+00 1.295525121151872017e-01
-3.440988883071452342e+00 -1.732241652396455445e+00
3.605483897234803781e+00 -1.377143075328873145e+00
3.764689648278193079e+00 7.788120906444923053e-01
-1.159295352108913324e+00 3.671079432923078922e+00
1.391165489583060966e+00 3.559542250034392730e+00
5.943866031040344611e-01 3.760117437533017526e+00
2.792238395154710506e+00 2.715936028819306625e+00
2.938914170925468028e+00 -2.543572652822844393e+00
1.284991884970601905e+00 -3.697244294477325166e+00
-3.719272102901324484e+00 9.239176708252573311e-01
1.116213586935648205e+00 3.748245065753043281e+00
1.851983732390847459e+00 3.402421246106774433e+00
-3.848419780709968041e+00 -2.374004522246458970e-01
3.844833855051234206e+00 5.382447661286753338e-01
-4.702892551679683231e-01 -3.859995449967226655e+00
-3.864315252845079041e+00 3.806781868673890790e-01
-4.214564035938382913e-01 -3.875017377838261279e+00
-3.688342758898464080e+00 9.847809059412229171e-01
2.081953058850041671e+00 -3.226125194402796215e+00
2.753601825149154969e+00 -2.761101978006650803e+00
3.245623158740424952e+00 -2.126623722333212729e+00
-1.211209391822231307e+00 -3.657306572283319568e+00
-3.543699371007828614e+00 1.419592437622980707e+00
-1.737861766159336074e+00 3.488551902356805456e+00
1.980650277785043878e+00 3.429202726907045307e+00
3.841544058263486772e+00 -1.008756836947994340e-01
3.499020179633406169e+00 1.612335131373383801e+00
-3.503557942250457913e+00 1.535127017702455632e+00
-2.675540573119065790e+00 2.761617082866782980e+00
-3.839217099778182263e+00 6.257384352082004941e-01
3.601561463249365769e+00 -1.359388185367196522e+00
-2.493198523498000974e+00 2.947627300708632880e+00
-4.104300513087139612e-01 3.830253960365700205e+00
-3.256269196525068743e+00 -2.117283913516436744e+00
-1.958109907729619792e+00 -3.349851340507706166e+00
3.389756225325903483e+00 -1.889181425433819284e+00
-3.903041608244870009e+00 2.367140740761032314e-01
-7.353159887543665452e-01 -3.849190636435141588e+00
-1.118897053320758062e+00 3.724855467071665149e+00
3.859222990577530599e+00 -1.929099763359644060e-01
1.564467758200084546e+00 3.500205636288765021e+00
-8.752406510196438783e-01 3.731751313832750494e+00
3.811434977832852677e+00 -4.278064395695705402e-01
3.221594867899216119e+00 2.161312171873301047e+00
-1.772707133157819526e-01 -3.813474158073265396e+00
-1.971999566516723368e+00 -3.389645056166154635e+00
3.206966164692315324e-01 3.876850214545335405e+00
-3.622246625097240713e+00 1.234664051060322620e+00
3.037549748873608735e+00 -2.414124197769486724e+00
1.926916679154498935e+00 3.347312954036635979e+00
2.931667579267857260e+00 -2.510117945445387022e+00
-2.335195404955210829e+00 -3.154730913926879765e+00
-3.363069086334933289e+00 -1.943685685934178009e+00
3.160136915599856877e+00 -2.121423401087602301e+00
-3.403871658388533117e+00 1.796983111496814001e+00
-2.043060900366182597e+00 3.291188556754934602e+00
-3.354475522589195791e+00 -2.012789749653244531e+00
2.664019889180194056e+00 -2.791868661776548244e+00
4.334931841636874283e-01 -3.828448199567876298e+00
-6.721207045006704073e-01 3.776340697504653843e+00
2.602624759296408907e+00 -2.804239701208142144e+00
-1.757588488977427366e+00 -3.437941900431374709e+00
-3.730765375570718856e+00 1.035688640747396194e+00
-2.043395917155621869e-02 -3.851185933663990646e+00
-1.126570275819671396e+00 -3.723425151041096282e+00
-8.265478359305250544e-01 -3.683602584000041258e+00
7.187825697379185419e-01 3.784770176893006433e+00
3.275918286418570080e+00 -2.138949706333827194e+00
-3.193425516423785027e+00 2.216424913971260846e+00
-3.577515463653517802e+00 1.513275563334429696e+00
3.814710721739231314e+00 5.771381249517305578e-01
4.701893786413740561e-01 3.849761849638007938e+00
4.804166886290412997e-01 3.837145719366679142e+00
-3.855118142517548474e+00 -5.060027290583108961e-01
1.355328095875017735e-01 3.950417105822198849e+00
3.721950781003670272e+00 -9.437045918533355504e-01
-3.111389788270004786e+00 2.222718819567942372e+00
2.844762401197067359e-01 3.863149718942530342e+00
-3.649962290830285561e+00 1.377708588156352887e+00
9.238860054403867927e-01 -3.737966269608857584e+00
3.869032664934727972e+00 3.638374155438549029e-01
-2.460188169838136041e+00 3.002030585865123058e+00
3.603162170372337769e+00 1.353603771517489118e+00
1.385507459181342771e+00 -3.593697383384487409e+00
-1.035086863840804172e+00 3.707221935216743258e+00
1.477352373957336429e+00 -3.463683833063547102e+00
3.065687571006967094e+00 -2.418915892196650930e+00
2.362565656843731432e+00 -3.127130060316664739e+00
1.477360808183314944e+00 -3.602858548650388570e+00
2.632464391221107203e+00 2.825756134316359081e+00
1.810723158037456926e-01 3.907252791422363369e+00
1.006223289573274338e+00 3.703981626232212498e+00
-3.852834040924382197e+00 -1.625867935955296883e-01
-2.910417154927668726e+00 2.605448465323783935e+00
1.738531357317874448e+00 -3.525447920160043491e+00
-2.394805039078237829e+00 3.112386528232097049e+00
-2.183479921057718265e+00 -3.170313801402576903e+00
6.620396528309895334e-01 3.813613516322194918e+00
2.981437156608580885e+00 -2.419272748635949988e+00
3.866936298935006899e+00 9.825723709977537967e-02
-3.804742236262988797e+00 -9.049248406562141467e-01
2.726145483190193008e+00 -2.683288162451048731e+00
1.722435403216301841e+00 -3.424205256146375387e+00
9.816412827134723962e-02 3.866197452564039683e+00
3.000197940553741116e+00 2.382129290510157649e+00
3.321853019152810393e+00 -2.111239882924219380e+00
2.055955887505962920e+00 -3.267028294899122276e+00
2.607582755190687607e+00 2.913192191623171556e+00
2.355888144504235004e+00 -3.136338711634059973e+00
-2.175104246432390642e+00 3.271845894467618088e+00
3.051465715810863344e+00 2.331080686664093182e+00
3.676890129560896447e+00 1.020154715946106627e+00
2.661224050492927429e+00 -2.800046615603397182e+00
-9.332421693757179115e-01 -3.766048456757619345e+00
-3.565405711289006518e+00 -1.527969633556158779e+00
-3.094765853903045372e+00 2.350179509260413635e+00
3.107552861187981907e+00 -2.298999513800996208e+00
-2.798248413202016671e+00 -2.729232845667648899e+00
1.700434363605488830e+00 3.513514873610111167e+00
-4.989086955136342039e-01 -3.770711622985706502e+00
2.283460486227098851e+00 -3.118187540643388100e+00
-3.690878449938639339e+00 -1.337552402473477065e+00
2.610475890674405886e+00 -2.957773674203460157e+00
1.773696931080768202e+00 3.491526967487702748e+00
1.628876336703972250e+00 -3.503489759854937269e+00
2.652424778437719732e-01 3.797137345616757198e+00
2.284455424302030302e+00 3.146015346540988578e+00
-1.205013750283700169e+00 -3.696691309021923555e+00
-3.672492260132636854e+00 1.124494925113120880e+00
-1.759180425703247952e+00 -3.475601039630690003e+00
3.004089903251148552e+00 2.522121218886502536e+00
-3.242964892883311023e+00 -2.142284163044853695e+00
2.307192576084593050e+00 -3.174180743093930612e+00
-3.516042377526140128e-01 -3.915774250174483662e+00
1.570835214444226802e+00 -3.534391780829185148e+00
-2.398240884476049717e-01 3.856814220318044217e+00
3.130893272159156915e+00 -2.231901832204869596e+00
-3.363868932540504897e+00 -1.949280633233425375e+00
-2.998428543552928094e+00 -2.409292402407421818e+00
3.018782095429226597e+00 2.409139816852853500e+00
-2.399628895250628613e+00 2.999987193910272243e+00
-6.590039202951493147e-01 3.841374283643767651e+00
-3.459440886126276649e+00 1.599116776105047766e+00
-2.922014772707530739e+00 -2.577887129428914736e+00
-1.131386952416662400e-01 -3.785649630608689531e+00
3.882078024707961816e+00 -1.234452226994735835e-01
-3.423078480551404290e+00 -1.873911997903986881e+00
-4.763300126033621074e-01 -3.808721177466988461e+00
2.082760064196528482e+00 -3.169048906522443421e+00
2.226169112845926001e+00 3.242625594725734750e+00
3.734428078863632372e+00 -8.343585048886629219e-01
-2.516073485827487133e+00 -2.994034437921227809e+00
2.765323566152643187e-01 3.851462555116767383e+00
-2.747778252859152559e+00 -2.745677616661426068e+00
2.942962681749926812e+00 -2.415354181796520727e+00
3.894228891325250075e+00 3.029431379754025100e-01
3.284447452536439105e+00 -1.930716976101814142e+00
-2.370696732344824920e+00 3.060062084168785113e+00
-2.902939210303576711e-01 -3.962849232775965458e+00
-3.796006700071233642e+00 -7.255754769284586958e-01
1.619698310823254772e+00 -3.551025639340061435e+00
-1.363594543545954441e+00 -3.615847594931381970e+00
-3.779682928263972563e+00 7.816608953757686606e-02
-9.614931277367858575e-01 3.736170324454704872e+00
2.658865103026620158e+00 2.870838409052615336e+00
1.996168107960642368e+00 -3.360623663590637911e+00
-3.877339283087638311e+00 -3.626248620816596713e-01
-2.351479731999538192e+00 3.066385852211527485e+00
3.218697769683752430e+00 2.153918832950240336e+00
3.364801328156904248e+00 -2.071636877315636838e+00
9.115512607360489739e-01 3.836389050385005994e+00
-3.018334103363019327e+00 -2.381825457820995418e+00
-3.267536600551029569e+00 -2.058757328443827639e+00
-2.963776749287097889e+00 2.445113938455230951e+00
7.941070460354217042e-01 -3.769004320268270369e+00
1.396169284061340443e-01 3.795700516500082777e+00
-3.839751916370795382e+00 8.385487230538529735e-01
2.371059944613088444e+00 3.140145168136819986e+00
-3.642082579616492843e+00 1.376198178766421920e+00
-1.910851006591721690e+00 -3.466844189259473907e+00
1.599646983971989012e-01 -3.878246868018528914e+00
-1.136915970624820638e+00 3.754141671729369634e+00
3.821596168230481538e+00 3.170827665892513858e-01
-1.269157677168522458e+00 3.647147636462328979e+00
-1.060766956638500014e-01 -3.841717791414711147e+00
1.800413960914108324e+00 -3.425534759458655376e+00
-2.257642219625536573e+00 3.213239540034799724e+00
-2.593354023416667986e-01 -3.823017899131629260e+00
-3.812729007646006085e+00 -8.328482215926693577e-01
-3.796140970870918618e+00 9.452084502113600184e-01
-2.627281629905418026e-01 -3.824978987752455595e+00
1.586826674106833535e+00 3.455548938668038250e+00
3.767208116582596578e+00 -7.382582656231343465e-01
-3.781234981884945778e+00 7.733396621909109925e-01
-2.097126268144645866e+00 3.236698775668895856e+00
3.321262027134020745e+00 1.995528794198009770e+00
-3.773550323208730184e+00 -6.871479661370943903e-01
-1.204768564950221138e-01 3.977773533739078715e+00
-2.911901804598556964e+00 2.597791565453735352e+00
2.975494913659004315e+00 -2.390843612359295101e+00
-3.815806039477549927e+00 -8.644923992766390120e-01
3.883180512423789921e+00 -6.404283725916046777e-01
3.431130509388324867e+00 1.762917438605155374e+00
-6.180704934582902377e-01 3.837325854672703151e+00
-3.677867160930340606e+00 -1.197496443428504476e+00
-2.308197416783809963e+00 -3.076946061592798820e+00
-3.837533520228986195e+00 -5.939433627866902432e-01
-9.357318100109142112e-01 -3.795441795204087754e+00
2.529964087942797146e+00 -2.943903693303454361e+00
-2.254622300020878711e+00 -3.189639814646436200e+00
3.617742523042444258e+00 1.218672724479606950e+00
1.365759375116682550e+00 -3.573423731977161122e+00
1.728103127499952762e+00 -3.526942637368078337e+00
3.919845582611939605e+00 1.080266832278454492e-01
-1.270446025459676553e+00 3.636570339533703233e+00
2.365523486077825144e+00 3.017855283759747653e+00
-3.104476006937882726e+00 -2.330680410252061296e+00
-3.715767802493489924e+00 -7.669243436795764035e-01
2.843742577432184060e+00 2.587056867648285241e+00
7.703059319009730732e-01 3.754838299811451563e+00
1.378382545699919692e+00 -3.665426250351011550e+00
-1.145085182154707448e+00 -3.673192567263724673e+00
-6.728398210437007698e-01 -3.856938957598313067e+00
1.638851734261959070e+00 -3.454110647863531725e+00
2.990638379323170337e+00 2.448800295949080219e+00
2.918582700637507354e+00 2.477455135462663272e+00
3.782902495992294778e+00 -7.691714835258379734e-01
4.678589713645606163e-01 3.926114831896835522e+00
-1.380163253782526578e+00 -3.635299576353548723e+00
8.342779293290905063e-01 3.770832562862317605e+00
-1.793306775906212236e+00 3.398250089737104851e+00
-1.791874126011813173e+00 3.374233950851858843e+00
3.376904452651326327e+00 -1.830558149150381286e+00
4.600003244833951177e-01 3.806261730773093266e+00
3.903383239457132170e+00 -1.352818557378865916e-01
3.869855787517401779e+00 2.626735426538251428e-01
-3.533745409962828710e+00 -1.645339702792840919e+00
-3.529507863356749819e+00 1.484590653312322983e+00
8.725317908361269748e-01 -3.779095499162144378e+00
1.295354294955129770e+00 3.673300187442751774e+00
-3.335651498853521524e+00 1.915564652920286770e+00
5.210587016893709622e-01 -3.842376567607408866e+00
3.841934820140018303e+00 6.864854678676431954e-01
-3.712129594199326199e+00 -1.037371846457317837e+00
2.738354136429864027e+00 -2.764908833102491581e+00
-1.983887063288526598e+00 3.251179855046592682e+00
2.029677890260604300e+00 -3.326399950956108853e+00
8.326642357992525278e-01 -3.818781867693061383e+00
-2.227935732366720600e+00 -3.204700806119578971e+00
2.531489938934079031e+00 2.990860039306412421e+00
-1.013454149415327299e+00 3.763999252922437755e+00
-2.784587304023371956e+00 -2.687335125917202028e+00
3.770475935717965132e+00 8.495706210433328076e-01
3.828071095041636340e+00 -6.351372481143712223e-01
2.470719819550357688e+00 2.933421268561315465e+00
-6.224017641918198063e-01 -3.839972354705926350e+00
-3.130167161571921208e-01 -3.863428721840294511e+00
-3.678967136802990368e+00 1.356202161677978912e+00
2.424066933061650886e+00 -3.055337222470414726e+00
2.482781014362603345e-01 -3.859987710233492741e+00
-3.025648978164727776e+00 2.371900044125999418e+00
-3.749581022274877551e+00 -1.075727364031784816e+00
2.810593526774187723e+00 -2.562656365391992264e+00
3.820452274556355832e+00 6.366249794576495091e-01
3.316985293233809085e+00 -2.099775118229005422e+00
-3.811479260892121967e+00 3.946891571968851875e-01
2.864813150182714541e+00 2.519217590864960332e+00
1.672150421905294282e+00 -3.479809683770067164e+00
2.992722535920620430e+00 -2.547934314866655559e+00
-2.748256287118239438e+00 2.809058071888214325e+00
-3.867632390457584890e+00 -4.694571330771512563e-01
3.554572924182457960e+00 -1.499077973726397506e+00
-9.533578372963567027e-01 3.758497319057101382e+00
2.784372191348707837e+00 -2.710988345074152317e+00
3.904592968181726409e+00 -2.799331140452597233e-01
3.693277343457935236e-01 -3.924671574191995749e+00
-3.939033230912671879e+00 3.276912795577522908e-01
-7.567985373873717947e-01 -3.799348758234531775e+00
-3.318506239007918523e+00 -1.991758767173797295e+00
-1.385323740052136987e+00 -3.602783037094799745e+00
3.862337751125805685e+00 7.738204721030489397e-02
-3.783900386241116021e+00 -3.396404499898651452e-01
2.134245725657188952e+00 -3.248977593478186154e+00
3.022459308767420083e+00 2.586895564702579087e+00
3.135052533805062769e+00 -2.232199006729203017e+00
-1.703487336223465931e+00 3.411732082540002597e+00
-2.016473617851282540e+00 -3.269895518338683527e+00
-2.397156118980117157e+00 3.086383502752869656e+00
3.540010487391775929e+00 1.550024058586082720e+00
3.546134076464337426e+00 1.508121860330623898e+00
5.359809674903981414e-01 3.831616526687839031e+00
2.242028927150359952e+00 -3.175433790060700812e+00
-1.834325470315838758e-01 3.871802744242898164e+00
-3.079115673413705512e+00 2.335199938859978452e+00
3.918034537470797662e+00 -4.491184399611291012e-01
-1.241108585385892304e+00 3.696684094397848064e+00
1.998064878909205699e+00 3.329922441603474059e+00
3.847541076735372378e+00 -5.329122408944103606e-01
2.137350226425567268e+00 -3.196767586992144583e+00
3.858801733597709838e+00 -3.060072865391620933e-01
-2.051258552168396254e-01 -3.884784328146738464e+00
-1.063970835859845865e+00 -3.689022675930657691e+00
-3.584204506254669020e+00 1.482758333484841984e+00
-2.316869717424358210e+00 3.091097148924951021e+00
3.395821344065125480e+00 1.875368036332033750e+00
-1.613030949549565940e-01 3.875356200969075182e+00
-3.377053544638461080e+00 -1.935004327059218765e+00
2.834165042060760586e-01 3.899101212921715742e+00
1.753928902140688972e+00 3.504747529598420286e+00
2.864454911972883266e+00 2.610257661218717384e+00
3.352169776335990559e+00 -2.028244264561127164e+00
-2.189828564554227253e+00 -3.216813292954890269e+00
-3.757414335091734614e+00 -8.089827021698483556e-01
1.270425826652681778e+00 3.613394846455639797e+00
3.391972824823306532e+00 -1.942873277834694878e+00
5.301615664813215112e-01 3.759792140297714802e+00
2.323185588422638226e-01 -3.855431737273765425e+00
-3.234743799850781532e+00 2.137832684355871038e+00
-1.212659061277399308e+00 3.726192108306329853e+00
2.224509657768697579e+00 -3.190582813341745094e+00
-3.432635062679871285e-01 -3.829405236652831945e+00
-8.018286515755798094e-01 -3.765824775531976254e+00
-1.310549913237860853e+00 -3.650919234956743864e+00
-3.560980115347646358e+00 1.544067840328175123e+00
1.811408986659537534e+00 3.481203787248830395e+00
2.141502462884148805e+00 -3.307702099916471017e+00
-3.042966233163144629e+00 2.314391025307473093e+00
1.507135629687576417e+00 -3.627948057021764594e+00
-1.080926079612578583e-01 3.882107947166013151e+00
-3.089929891083592395e+00 -2.267974872990276225e+00
-3.460402159346317674e+00 -1.834049408971645700e+00
-3.621658024118732389e+00 -1.207827460635961137e+00
-2.163733015717499431e+00 -3.223885385684717164e+00
-8.549155042872906840e-01 -3.760350361324110491e+00
1.826865286721106152e+00 3.449810352097666399e+00
-1.304817981047598385e+00 3.683659163492321476e+00
-3.734655173676749929e+00 1.173613674353931380e+00
1.646111422915447764e-01 -3.904757215379375257e+00
-1.441855482780635800e+00 -3.621928092563337920e+00
2.955053989671418080e+00 2.473065506884082332e+00
-1.174669820489945282e+00 -3.668098880508624315e+00
2.626854357029929865e+00 2.785189163354802488e+00
3.532619153844123616e+00 1.723487004726083738e+00
-2.011658719874255485e+00 3.271577432493157911e+00
3.503159679944384930e+00 -1.663105579317631033e+00
-3.102829543733403916e+00 -2.351510692548765658e+00
-3.615573320094177756e+00 -1.332970689514972662e+00
-3.787537335077131750e+00 9.426644327614449592e-01
-1.723566206834347136e+00 3.461717199589548155e+00
3.220005420290557474e+00 2.330571523446648197e+00
-3.674661112929328066e+00 1.168350968785235811e+00
9.220761532005438132e-01 -3.768246214194614030e+00
3.881740567832051347e+00 4.922616447207454615e-01
-4.276735015806574780e-01 3.824748713004151313e+00
3.807989251080682092e+00 -7.345390511451175275e-01
-3.767333622812261584e+00 -8.413953379940519728e-01
3.609094216375094977e+00 -1.522738392180179368e+00
-2.494173685554355036e+00 -3.010631918862734846e+00
3.437795410424109743e+00 -1.883566097271252682e+00
5.830196857844399672e-01 -3.718042511268712769e+00
6.845789678006919399e-01 3.860538801904166650e+00
-8.014990751242090372e-01 3.812047177894085870e+00
-1.604309954403281502e+00 -3.518233057080516701e+00
-7.358494425890823587e-01 3.764700753628865026e+00
3.859147410133714651e+00 1.619997165426565744e-01
8.292122771572786599e-02 -3.835419286378456416e+00
-1.833167437436754144e+00 3.363881129807524850e+00
1.380244099859031293e+00 -3.666383315529063047e+00
3.462698474467147403e+00 1.801002500842113552e+00
2.311210778467854610e+00 3.076162680150308137e+00
-4.173653378884876752e-01 -3.868806588555092407e+00
-6.774117876917910008e-01 -3.826985796850680632e+00
-3.070881189026900326e+00 2.461908266656516187e+00
8.278332283345428699e-01 3.737463808353015615e+00
3.719458749307571921e+00 1.061197915653141699e+00
3.444677007427834337e+00 -1.919896703645979974e+00
-1.032335395034001957e+00 3.652181138700600016e+00
-3.868608070885662720e+00 7.298376382293442211e-02
-3.798165183432588687e+00 1.501154460922898282e-01
2.702861658823878077e+00 -2.789896800816717981e+00
3.872579516125691512e+00 2.241590680498979915e-01
2.114270728763775420e+00 -3.252712072349751349e+00
3.778745391180025059e+00 -9.668377994186615476e-01
-1.360516596240140208e+00 3.670519728145394289e+00
-2.241481649909252916e+00 3.139456272124105940e+00
7.917187555472331439e-01 3.747167576772877151e+00
1.486418147993153305e+00 -3.557194516841855503e+00
-6.489335393106479000e-01 3.847441673743436930e+00
3.849153632739920727e+00 1.355633614703083967e-01
-3.452146294569448770e+00 1.941519535970236410e+00
-1.765029452624230721e+00 3.406856584440459912e+00
2.624365619884867940e+00 -2.792832556542077516e+00
3.140286395419915166e+00 -2.332327402416528805e+00
2.725961828119427555e-01 3.862236144560364348e+00
9.312081068114149707e-01 -3.793747740513804700e+00
3.741762850122188233e+00 1.090258848864067875e+00
-8.876141914134777489e-01 -3.810555042520952007e+00
-2.162031274490640254e+00 -3.224846272181062456e+00
3.342141495356149239e+00 -1.974575504216013133e+00
1.174734509329967702e+00 -3.666018040157668967e+00
-4.345418885186811964e-01 3.779171340052484673e+00
3.770267866295319514e+00 7.614373841261090625e-01
1.411976909146415715e-01 -3.839444931238467529e+00
3.291855287203687030e+00 -1.963415133123781242e+00
3.136877109042459200e+00 2.310689339198894299e+00
1.231098584761684878e+00 -3.694369674839936835e+00
3.586150255022869882e+00 1.406846658584257836e+00
2.321840938180379510e+00 -3.114289252716059941e+00
-2.616739153973619114e+00 -2.803617126201982668e+00
-2.782588181299002539e+00 2.688588394736691978e+00
-3.828668847227671979e+00 2.755802061555313182e-02
3.324036356161113481e+00 -1.969872996403738030e+00
-2.369352520554890873e+00 -3.041127922957322927e+00
3.266633834444203188e+00 2.025926203161994010e+00
-1.415675945445410644e+00 3.612455937245857562e+00
-2.187960218874207996e+00 3.194997560066973552e+00
3.890611306519923041e+00 4.214136846179853957e-01
-1.917339405390039442e+00 3.339300978502573347e+00
3.659124770945529459e+00 -1.487726089509790128e+00
1.971529836670008473e+00 -3.305910005637472615e+00
3.840955815384725636e+00 -4.022722744184943910e-01
-2.901182956330472074e+00 -2.671695720788942907e+00
-1.720829128277137077e+00 -3.556435187769610540e+00
2.305060745577958148e+00 3.072499167837698053e+00
-2.935686677980281711e+00 2.565975794987437553e+00
-2.889543336768821025e+00 -2.519518687471868468e+00
5.461894961589573994e-01 3.848978148500311836e+00
3.848178620200695566e+00 -1.206975888777634121e-01
2.707797223778258378e+00 -2.728518483856630539e+00
1.869246215080945239e+00 -3.478287636497276569e+00
-1.359031961678746514e+00 3.558594761327675382e+00
-2.578455222720541062e+00 -2.919549904007888941e+00
3.108951976860161448e+00 -2.316178572438482686e+00
-2.501662394732993455e+00 2.891285122236001204e+00
-3.393008765101446222e+00 1.770613891656623640e+00
2.885901329467563059e+00 2.616152037440425460e+00
1.773533178853880510e-01 3.846984968945919903e+00
2.805378887153235468e+00 -2.627415342045840596e+00
3.143414231623858246e+00 2.255917709451138009e+00
-3.301103251600363109e+00 1.990504920048023152e+00
3.779690299394066866e+00 2.074481345441660518e-01
-3.358073277351033781e+00 1.964563143173462700e+00
5.697054419403350112e-01 3.846501915031436791e+00
1.597048361023977459e-01 3.885018019538173384e+00
-2.475212451391073376e+00 2.999221510102848320e+00
-2.874656769315621752e+00 -2.651175081612544560e+00
-3.878296310587923124e+00 3.587486181789033002e-01
-3.742697249366027989e+00 -1.135848873534135661e+00
-1.572151587262670569e+00 3.646524948239149300e+00
-3.877653929383440889e+00 -8.393270475022920896e-02
8.927899204355241869e-01 3.757582682786776651e+00
-2.107139173319169334e+00 -3.283205915269542086e+00
2.516300774914755234e+00 2.987912908035687654e+00
-3.044682832127052485e+00 -2.426313052802865577e+00
-3.896439561657661699e+00 1.964589598807428006e-01
-3.702250485895864252e+00 1.057980745870248818e+00
-6.696671669243777769e-01 3.817594417875745272e+00
2.767804721991845796e+00 -2.658261860306995850e+00
3.419188783947326726e+00 1.860287156758950955e+00
-2.033334189481162291e+00 -3.302510874584875467e+00
3.403899912049765941e+00 1.775235757024780536e+00
3.702199789503691996e+00 -8.217083937963740592e-01
-3.517508448183674474e+00 1.641218196664978590e+00
-3.544270130753536918e+00 -1.533379208938648652e+00
3.359190755104938919e+00 1.932753405206532937e+00
1.338595955763189238e+00 -3.686951996168092993e+00
3.165035556857553001e+00 2.204371002148169278e+00
-8.904129994884043553e-01 3.803676074598716816e+00
-3.647703173628300544e+00 -1.273569740685359886e+00
9.322828216993900297e-01 3.753704169818498304e+00
3.011849280676936580e+00 -2.449368822161782866e+00
-3.707428401796288853e+00 1.319388181431166762e+00
-3.884365444452746896e+00 7.110867448612868680e-01
3.000220209891224066e+00 2.454772088201154112e+00
7.610872483523223320e-01 -3.854869768424804555e+00
3.651170645675033910e+00 -1.060651885990846255e+00
3.872630457502618473e+00 2.611855345593390720e-01
-1.854420570690483494e+00 -3.439220824134637589e+00
3.696430585878895947e+00 1.162220856427845783e+00
-3.656350138582810327e+00 1.102741078977274469e+00
1.542124135816192787e+00 -3.632710111213953486e+00
-3.506503109272652186e+00 1.550559215140187908e+00
3.742513071182790085e+00 -8.144403618524004296e-01
3.279055321394926281e+00 -2.066665584179057547e+00
3.183275188628882368e+00 -2.252172750617220220e+00
-2.346085657473215291e-01 3.894689505513424965e+00
3.667484621601945438e+00 1.201934860019417961e+00
-2.132611887163763598e+00 -3.184532604281772539e+00
3.745709116013414608e+00 1.052966481186981884e+00
2.694104321511733957e+00 2.743584260100115024e+00
2.356197778202925530e+00 -3.098594097265054970e+00
-2.440902691492442322e+00 2.991165759136797497e+00
4.565965930970654618e-01 3.783100317783438360e+00
-2.673652891905741846e+00 -2.917197814885208906e+00
2.920652826197117635e-01 3.833331135950329482e+00
1.445086407446191545e+00 -3.555843574662562290e+00
3.716841472639721200e+00 1.121290202765196753e+00
2.071112363405998025e-01 3.900048434049463886e+00
3.677358852281069179e+00 -1.281406956161804001e+00
-3.166441652477163249e+00 -2.198639104300449176e+00
7.867606351668432474e-01 3.806363446327842848e+00
2.453496431374706965e+00 -3.052122106091870180e+00
2.776506654245179284e+00 -2.704793239755475032e+00
7.585606968799805117e-01 -3.798953521100339348e+00
-1.658784169613987780e+00 3.497113042765410018e+00
1.872036569655440408e+00 -3.338138880095330219e+00
-3.385970521977980319e+00 -1.883192535755974006e+00
3.761845082917858907e+00 -7.917507272082111580e-01
-2.087848209973500957e+00 3.313503257225392851e+00
3.132438846268422505e+00 2.342047923561392686e+00
-3.727387641964517329e+00 -9.865933130476888246e-01
-1.331794884602155449e+00 3.642269283599552043e+00
-1.053505618368151042e+00 -3.695249444408553519e+00
-1.865687537480160918e+00 -3.465829889364328231e+00
-3.871136361482089949e+00 2.108624702650140348e-01
-3.803834221861034592e+00 7.640753054425681867e-01
-3.820079949968552935e+00 5.237322601371856567e-01
3.345903718563617568e-01 3.874254777203472333e+00
-2.253137681229110623e+00 3.175961477477405204e+00
-9.491156446043873540e-01 3.786486611850042650e+00
-2.600827167094301728e+00 -2.904764081140860821e+00
-9.078520026817041844e-01 3.763140437022079343e+00
-3.863854768725993427e+00 -6.807957876174444145e-01
-2.980240104983704619e+00 -2.525544603232835250e+00
-2.859096697091584094e+00 -2.602715809414719583e+00
-3.719173739596639106e+00 1.161559981741818071e+00
-2.592498820273712479e+00 2.922777267248669375e+00
2.220849961798939454e+00 -3.193225386378704567e+00
3.490029423259572106e+00 -1.730634306300088632e+00
-2.796761987139770866e+00 -2.577776734346983734e+00
3.033235059366260256e+00 2.401583470370022511e+00
-2.972316196168450997e+00 2.456021865549723682e+00
3.825470491000924067e+00 -2.845805329083386792e-02
-3.784245758161553397e+00 8.924538340784798907e-01
-3.728264839478297343e+00 9.911035567392780798e-01
-5.697079933105888561e-01 -3.846944500809351908e+00
3.829305037739139106e+00 1.705517704340321072e-01
7.658341666807114700e-01 -3.785918395743038456e+00
-3.458728759936525510e+00 -1.745664277603527603e+00
3.192759533442796283e+00 2.090119337000100774e+00
1.040113657958501969e+00 -3.775225180774506306e+00
-2.481132788634160313e+00 3.017561367613750711e+00
-1.383169257930958462e+00 3.600792522629330250e+00
-1.918435038287331196e+00 -3.311111468466123142e+00
-2.616285848240273104e+00 -2.820859909756743278e+00
6.952804469733941950e-01 3.809201348077166926e+00
-3.500221093066832712e+00 -1.593261270231986826e+00
-1.845268423743169128e+00 3.321750001893609472e+00
3.417422576197782558e+00 -1.885042661977012646e+00
3.883421304760634740e+00 4.029984797141613062e-01
1.684213843477557537e+00 3.472312457304553845e+00
-3.539822612696005510e+00 1.493973395176279917e+00
-3.013592657957351317e+00 2.475009611064054038e+00
-5.386880914690251876e-01 -3.913640227333520016e+00
-2.011096798889512094e+00 3.358195174510626657e+00
3.605205033991804697e+00 1.425135169282408132e+00
-2.861769905312525175e+00 -2.620013829405504424e+00
3.731858498400952406e+00 1.141162625592193613e+00
-3.993305532940459590e-02 -3.844052410856642066e+00
3.823016560295063648e+00 2.839550779928120550e-01
2.560997992714895588e+00 2.934469499617653021e+00
3.175485818840757979e+00 -2.312995453224558684e+00
1.729568937341223966e+00 -3.431743710464235875e+00
-1.646646680034309806e+00 -3.550400252036510995e+00
-2.398918394064623261e+00 3.053854324442005552e+00
3.759811720264081281e+00 1.099308238170757068e+00
-1.371582160491651603e+00 -3.623020057025621465e+00
-3.222406179006165328e-01 -3.818355019555274232e+00
-1.590863367346942114e+00 3.517041964741244531e+00
3.792020813053329054e+00 6.990880102409291474e-01
3.859439530066964164e+00 -5.573216963856301998e-02
-5.246476926238647920e-01 -3.801342624425113836e+00
3.785593069964572344e+00 8.804034598223453578e-01
-9.913867493118504459e-01 -3.687862161700123487e+00
-1.205504096119146773e+00 -3.671952089167990874e+00
-3.529865454594315999e+00 -1.634902472731265544e+00
-2.404095576481501961e+00 3.063407831859667585e+00
-1.512738556693289382e+00 3.617767425646140289e+00
-2.532047327715787777e+00 2.941855879185465650e+00
6.069364893670291528e-01 3.790867255853305640e+00
4.595838128770299846e-01 -3.794829486845044730e+00
-2.016518738484784912e+00 3.405569507528362294e+00
3.505987176187210785e+00 -1.736174942796287368e+00
-1.499103068541686845e+00 -3.616854592686521208e+00
8.799359782972652200e-01 3.735679086513749247e+00
3.540163073892183654e+00 -1.695968431888389416e+00
7.115482627965502571e-01 -3.818884027065353681e+00
2.542473150638953072e+00 2.877003684478105061e+00
-3.228825806816224109e+00 -2.141588429450172804e+00
-1.201226297722018499e+00 -3.659662938738044158e+00
1.453072177549317390e+00 3.591405283443280361e+00
3.604904038478699668e+00 -1.396702901585691770e+00
-2.017204526561013900e+00 3.306342443226709893e+00
-3.359400441219606126e+00 -1.789493950339397399e+00
-2.120097234870331970e+00 -3.194487284796340809e+00
3.147791187226602450e+00 -2.266396521995714064e+00
-3.017596803333491007e+00 2.402861514018126865e+00
3.232773192179329236e+00 -2.210133952155191928e+00
3.332960973582125952e+00 -2.002147840540772883e+00
1.109008273212454876e+00 -3.724000546874976170e+00
-1.978459465874571332e+00 3.361044596439782151e+00
-1.224849663086534202e+00 -3.602162918536649272e+00
3.456130304620398164e+00 1.937197991590961621e+00
-1.183723170645817779e+00 -3.671614873769896370e+00
-2.321417221020219745e+00 -3.126228144994309233e+00
3.355892150265415985e+00 -2.159657105902092145e+00
-3.832709981926055498e+00 6.065174021834706108e-01
-2.827863823079822758e+00 2.679331929646108890e+00
8.952282499832567852e-01 3.827301845225868693e+00
-3.061167294056984733e+00 2.312019908777208421e+00
-3.587444682616248492e+00 -1.354762693669181672e+00
-1.590694046469638190e+00 3.520912676077966097e+00
-3.842178981425087958e+00 7.021924169030189233e-01
-3.123949200719732922e+00 -2.425948989087197916e+00
-3.435114032333682399e+00 1.911019459146339416e+00
-3.392716804042884782e+00 1.700870713534958778e+00
2.132645720067478212e+00 3.297243427757790890e+00
1.638471221234372388e+00 -3.479040814999060593e+00
-5.827307719776050332e-01 3.852199865119866118e+00
3.058287045259878489e+00 -2.499761818906001576e+00
-3.906246193817698664e+00 -1.781336449007349665e-01
-3.728396634938391685e+00 6.325800721399607029e-01
-1.611281690123119947e+00 3.520038220788194394e+00
3.880338687282543386e+00 -3.979138698583843947e-01
3.859274244707375789e+00 2.019778319458250815e-01
7.724507143434863332e-01 3.816058111634990535e+00
1.146861679229093767e+00 -3.816055054818412451e+00
-3.303780063320335803e+00 1.998896555408241182e+00
3.753194819225937007e+00 9.268381283187213660e-01
3.744305888522149406e+00 -8.327404156228692678e-01
-2.247404968349052456e+00 -3.130797871155581280e+00
3.128886448698919409e+00 2.280616860489434572e+00
-2.743621793790801622e+00 -2.797957492658107004e+00
5.639618506712109625e-01 -3.860616648688218966e+00
3.704937611835005917e+00 1.185324388218394143e+00
1.982840443468617098e+00 3.377420410991573529e+00
2.214682038939638886e+00 3.195651871001535582e+00
-3.374514102692004247e+00 1.918719283223520922e+00
-3.910801959954570250e+00 1.646616521127464983e-01
-9.415114089833421795e-01 -3.673592532722132376e+00
1.890236155033311771e+00 3.343839063174960380e+00
-3.749422503303075693e+00 -9.813674084513330786e-01
1.488350122768242523e+00 -3.587719717103518224e+00
-1.777042656738575088e+00 3.483015113675065333e+00
-2.977462887947456949e+00 2.506202833980107236e+00
-1.695986147046521841e+00 3.449663183487415630e+00
-1.571022746239824963e+00 3.547573161965151378e+00
-1.347520356702648359e+00 -3.629811498256291014e+00
-3.721130581043975649e+00 -1.043273330720394521e+00
2.910167687387050783e+00 2.552967450033035046e+00
-3.880589999302455517e+00 2.361428842876646395e-01
7.786492972484589936e-01 3.761557677190644267e+00
3.556968912299285357e+00 1.473359435038284815e+00
-3.109480315177520993e+00 -2.285466734773594411e+00
6.290749225419059454e-02 3.928020416996132358e+00
-3.677123376519963127e+00 -1.305697981920751261e+00
-3.642694280836727749e+00 1.339383227535210663e+00
2.330718100064322673e+00 -3.098969079562092777e+00
-3.941188681795636306e+00 -1.828500602838222244e-01
3.712169305089300320e+00 -1.158931120890540845e+00
-2.925293439203057400e+00 2.603066041358135241e+00
1.982021236438153533e+00 -3.388597406471088203e+00
3.577863729939291026e+00 1.349853286985387868e+00
-1.995343522320130569e+00 3.278519354658093743e+00
1.974894251988653204e+00 3.331425521647044086e+00
2.499998598444070907e+00 -2.936087663931747027e+00
-6.725089921052700426e-01 -3.774130793999869837e+00
3.202457782379015683e+00 -2.127222560920709160e+00
1.478830352840165840e+00 3.557576671773832189e+00
-3.411735466497410219e+00 1.712605451712857052e+00
-3.830621378213921790e+00 -1.829245528508347540e-01
3.775266349910670449e+00 8.951828792662265277e-01
-1.898973704519368422e+00 -3.376843150726520193e+00
2.349375494776798856e+00 -3.052152373270553998e+00
-1.318501770525250860e+00 -3.635690568375462561e+00
-8.412807336485470522e-01 3.818960499508938788e+00
3.779700888992322927e+00 1.078168807091656856e+00
-3.785339337845408991e+00 1.132526487029791307e+00
2.424236747584052054e+00 3.052997732041892842e+00
-3.105892875882656057e+00 2.175221863005667444e+00
1.512559956047402787e+00 -3.566814111698300760e+00
-2.012982036032680000e+00 -3.229183761677712372e+00
-3.393728672652021494e+00 1.903316927269075531e+00
1.671247777490884046e-01 -3.773813726285504710e+00
3.716420487544072060e+00 1.007576020380569704e+00
-2.812050624419919043e+00 -2.718776542771557114e+00
2.465685471380771876e+00 -3.039597212867983345e+00
-2.829063294428875608e+00 2.589898082388193856e+00
-1.837879395004583083e+00 -3.364841171181924828e+00
6.196452241589157639e-01 3.809740709688165250e+00
-2.441422762674616831e-01 3.884547393627422185e+00
-1.557944078494047258e+00 -3.567584597225081477e+00
-2.782379325999255748e+00 2.618802638057304843e+00
-3.175318039047761332e+00 -2.218688037736030516e+00
-3.565991204857872798e+00 1.554060143565612284e+00
-1.420866100040087066e+00 -3.661553122739457322e+00
2.174298344842215958e+00 3.201207443898081095e+00
3.454342399469442881e+00 1.642321994572562227e+00
-3.870587594676787369e+00 -8.433033927966346321e-02
2.811127883424363039e-01 3.849245108922998870e+00
-2.905321760745870119e+00 2.533232476379410958e+00
6.143558284636267963e-01 -3.789036494283843481e+00
9.359899188604920983e-01 -3.767348565153399775e+00
1.049541417455870929e-01 3.913957164377511955e+00
3.775827070063032753e+00 3.795246735080383127e-01
3.812199044163287365e+00 -6.206509051895232609e-01
-3.840962721095111831e+00 -2.204561010098283480e-01
3.304877504953763534e+00 1.879424426151451000e+00
-3.454067844489023376e+00 1.805494552831932609e+00
-3.767826578921851244e+00 -8.933704687208912087e-01
-1.835524792431243002e+00 3.371701802845444629e+00
3.861792205188335991e+00 6.350579485194092211e-01
3.220501260363601848e+00 -1.986186699624613361e+00
-9.232871179481950963e-02 -3.963479009754269367e+00
-1.718127274206441291e+00 -3.458697774148991488e+00
-3.706105557293377650e+00 -9.638989102050888880e-01
-2.586823821544440349e+00 2.793053607542332450e+00
-2.231258362319630706e+00 -3.171190900589126116e+00
2.134977177679498350e+00 3.291073961179119323e+00
-3.596788999883699933e+00 1.412928209160043469e+00
3.290203148067996519e+00 2.002185032208660509e+00
5.804342544017757621e-01 -3.851835008481336420e+00
3.487669096673718272e+00 -1.459543406472871396e+00
-2.686645307444424535e+00 2.750236722998178784e+00
-3.526923248190961147e+00 1.608507959436996648e+00
-3.563889315127305446e-01 3.926071523831540233e+00
-3.673470186604586907e+00 -1.191169212372507946e+00
-3.422964820231707783e+00 -1.916073515840655661e+00
2.483397526032004254e+00 -3.011470239473494903e+00
2.643760801052565501e+00 2.830137709373192756e+00
3.447570297353544255e+00 -1.825348313961426161e+00
2.245104571988427278e+00 -3.078770146183382739e+00
-1.229138997087585228e+00 3.646959503498548472e+00
-2.886630675175949623e+00 2.500916679808033560e+00
-3.243207663668378871e+00 2.241241004825281102e+00
-3.498737885461575381e+00 1.829048791000388974e+00
3.250575354137264394e+00 -2.111535591790626221e+00
-3.876291284611510957e+00 -2.340608388343095592e-01
-2.916823659487079556e+00 2.487654980204242250e+00
2.973394632416064720e+00 2.494396420517392965e+00
2.931713064688237225e+00 -2.654248125648374756e+00
-1.144678633142677704e+00 3.702130760745494964e+00
-3.358260149668828021e+00 -1.990142153730123598e+00
-3.169302688757221986e+00 -2.204489102365529973e+00
2.314516322365424983e-01 3.885263785871344577e+00
3.588352293598033427e+00 -1.384075050518907002e+00
3.489741968342101597e+00 -1.786489714192899259e+00
3.302973578594683435e+00 -2.070837587953737291e+00
-2.980642261642937552e+00 -2.507265766125973183e+00
-3.714395647445673188e+00 1.079101456840555029e+00
3.624818245848881126e+00 1.388814832930617138e+00
-2.814127011595580985e+00 -2.685342904740714243e+00
-2.345815378184346933e+00 3.042419758347298497e+00
-1.995336803479923926e+00 -3.238034554999419612e+00
1.321822233947521408e+00 -3.693580845534280677e+00
-1.228067017735950284e+00 -3.686812833247256282e+00
-3.487548750128012021e+00 1.679913673451511880e+00
-3.312948158674266175e+00 2.016102514972573534e+00
2.233146897055351854e+00 -3.063318597477313165e+00
1.966167871644701748e+00 3.384913355869878515e+00
-8.202555606304252622e-01 -3.769805991535518430e+00
3.233089392417493713e+00 -2.019932029431593001e+00
3.411522772434821604e+00 -1.664977667925097382e+00
1.311268849512174928e+00 3.650949952358152117e+00
1.298824656199352168e+00 3.710789042409341043e+00
-1.025557264947912772e+00 3.746022310599483429e+00
3.702808890823267696e+00 1.249959165067832778e+00
8.996175116549393058e-02 -3.787143978508776598e+00
3.800185412532154583e+00 3.191804588560380185e-01
9.200475968791819170e-01 -3.776944968763392030e+00
-1.776633547055920470e+00 -3.437043684879362626e+00
-3.831487400760009265e+00 8.387772974900401524e-01
-3.704618586497030908e+00 1.003746285425079154e+00
-3.564848220198562068e+00 1.580059853381314383e+00
-9.297379277926710595e-01 3.770729528063614833e+00
3.679577808964825891e+00 1.040540886460707526e+00
-3.625057450720345020e+00 1.336009100766212043e+00
3.646136318166609769e+00 1.051476025467234399e+00
6.369792354130257572e-02 -3.887233464951837192e+00
-2.882613078096077253e+00 2.542845662975371734e+00
2.944249247071080600e+00 2.464111194989200726e+00
3.620964106835926177e+00 -1.407504845151414274e+00
-3.464944760286136294e+00 -1.726650136084007858e+00
3.502819069915832806e+00 -1.698188343988668247e+00
3.041617381601148029e+00 2.433060769222386011e+00
3.278771769870909569e+00 -2.064561232651970890e+00
-3.811203040708945000e+00 4.414397396775402438e-01
3.869380058928172161e+00 8.341188242198184222e-01
-3.795419141674857055e+00 9.389673539408004421e-01
-1.096406647934708545e+00 3.822532989494465738e+00
-2.860866591236502110e+00 2.593598021351598337e+00
2.400367492943008774e+00 3.062281752876925278e+00
-4.102658659741773017e-01 3.881031607579725762e+00
1.205465576195323907e+00 -3.677554320307991009e+00
-3.867245281538033819e+00 -1.638825085067542042e-01
-3.523939537530247801e+00 -1.591960485213226972e+00
-3.763390724253723452e+00 -8.358407272569936541e-01
1.911048154764266038e-01 3.879443738859362334e+00
-1.275578254686558832e+00 3.676003814413872028e+00
1.640031182992443215e+00 3.499922344181592315e+00
-5.632902444235569073e-01 3.826877747128562657e+00
-3.132365152440638845e+00 2.255233053362538431e+00
-2.568538252740817374e+00 2.930830180500096471e+00
-1.428933539363386185e+00 3.660495727884664596e+00
2.938633427456249780e+00 2.566903017325561809e+00
-1.162147984374442000e+00 -3.706602438040792258e+00
3.809448850620199778e+00 8.644416569440530607e-01
-2.720791256185716822e+00 -2.856235087595392130e+00
-2.247578231490262812e+00 3.074672437926594615e+00
3.893459568981422869e+00 -5.012548477153792176e-02
7.268324434062003458e-01 -3.808719886281615175e+00
3.192910307887433241e+00 -2.286359767249329433e+00
-3.590031208752618053e+00 -1.445124922871707573e+00
3.715426158229851783e+00 1.189921624312517690e+00
-3.657641605575513655e+00 1.188620134745213663e+00
3.776759469871341146e+00 -7.048928342055622576e-01
3.757447375744323637e+00 -8.062465685689051975e-01
-1.425248669152424652e+00 3.657405588493007453e+00
-3.436895853829043279e+00 1.729103490457860604e+00
-2.740160944046758029e+00 2.657410203754375200e+00
2.548939085594938980e+00 -2.986179435815319749e+00
-3.459784814014373211e+00 1.586014509484102941e+00
1.941278056027353704e+00 3.294194151173290841e+00
3.836554543324226518e+00 8.051706758610371883e-02
3.609914082426856741e+00 -1.502034357259255160e+00
-1.829175105887685282e+00 3.484401472623018581e+00
-1.868470112319188692e+00 3.335426986433226215e+00
-2.411693453710644697e+00 3.014791660162430276e+00
3.723749061350090983e+00 -1.083567709268010937e+00
-3.126486655870373443e+00 -2.157868512516738058e+00
-1.838226285305587959e+00 -3.445145275129708917e+00
-4.411564954856703746e-01 -3.878991987853269041e+00
7.161624795146316336e-01 3.800147923338350608e+00
-3.495916688039132580e+00 -1.825620260826471331e+00
-3.355244177051648347e+00 -1.841649775933535071e+00
3.415317761744734781e+00 1.715795424456336038e+00
2.689888693732494396e+00 2.761133046316731399e+00
3.920474959455516828e+00 2.086294824122547284e-02
3.845229856829077697e+00 -3.841245856807819492e-01
-3.724595118948006878e+00 -1.103937741767875291e+00
3.114409036576852863e+00 2.265551550984622686e+00
-3.477632050830526733e+00 1.837879649139576133e+00
-3.784624923323556711e+00 2.229901215168818285e-01
-1.265966740036155835e+00 3.722629082387395538e+00
-3.766259853537333058e+00 8.321722089189267368e-01
2.487888848491112359e+00 -2.934768256955724297e+00
-1.439651091761317447e+00 3.626278088813649436e+00
3.806631289711192689e+00 5.613081005365210263e-01
3.123995680102759298e+00 -2.315863183963189353e+00
-1.856797610252309383e+00 -3.422910710437426562e+00
-3.628315951993281274e+00 1.318830152898505137e+00
3.255400873732865907e+00 -2.184060064546804902e+00
3.518264662472639692e+00 1.704018018751379815e+00
3.699093959319381675e+00 -1.403052430686722696e+00
1.063532368195116984e+00 -3.730499189306745844e+00
1.411895977730852625e+00 -3.626697525294946711e+00
-1.763232882641700527e+00 -3.454679546261634648e+00
1.474099966187651933e+00 -3.549193955547546686e+00
3.713408911302163329e+00 -1.062089293173875459e+00
3.618305252321300625e+00 1.227325024101153517e+00
2.115805719469327162e+00 -3.238144637021105776e+00
-1.149561181907754914e+00 3.683275408501506032e+00
-3.702800061390065789e+00 -1.169231692311298421e+00
2.015640605432419630e+00 3.318403510160257142e+00
-1.984033596094282537e+00 3.314323918713113493e+00
-1.651153198780679787e+00 3.493133433657884979e+00
3.780269746949729726e+00 7.313671559135956901e-01
3.893951808128644831e+00 -1.756481311021122205e-01
-3.787521087559253985e+00 8.847085496177604647e-01
1.682503223820783100e+00 -3.555518060580777018e+00
-3.391899321507228393e+00 -1.729236760434150311e+00
1.668788064398914750e-01 3.865071316053832806e+00
-1.734736403048935394e+00 -3.456163607450980280e+00
1.373446923171094847e+00 -3.542614396716304181e+00
-3.839725204435923800e+00 -7.061901201909742687e-01
-2.650682462692000030e+00 2.765211103331842502e+00
2.931578464397668338e+00 -2.488955397623247467e+00
2.773865992837806438e+00 -2.704566013399075874e+00
-3.834332863124229274e+00 2.593170624724393525e-01
-3.324145088636276668e+00 -1.954563540757949136e+00
-3.224709259863909772e+00 2.087532609077427548e+00
3.222263833632179608e+00 2.169415016979711286e+00
-3.752967754743499196e+00 1.055915574846814975e+00
1.910672437470073204e+00 3.385473398215592677e+00
-3.722558224707481767e+00 -1.127271651206827929e+00
-3.809416473361797451e+00 7.828874310367881506e-01
-2.009362344048096549e+00 -3.310313795451712782e+00
2.081874049073063837e+00 -3.266649153307902509e+00
1.831913534270313226e+00 -3.331451477354712587e+00
-1.660374155583266953e+00 3.480401736004971269e+00
-1.031737621270776284e+00 -3.788192203991953111e+00
-3.284334698900125638e+00 2.010203356548828868e+00
-2.304499668033348492e+00 3.079143688841341486e+00
-5.976836991789835629e-01 3.808002553307844096e+00
-1.216266823048834933e+00 3.662904451823383756e+00
1.726165713352945996e+00 -3.454275496505756493e+00
-3.774581856032718896e+00 -7.889981999293574910e-01
-3.517344624541783649e+00 -1.692028667603492798e+00
3.804091311418161148e+00 -8.642559116603766300e-01
-1.693628829357395116e+00 -3.431117931533569365e+00
-2.724630079036640673e+00 2.654765742645514237e+00
-3.919474598963660128e+00 2.394985722575910803e-01
3.021525385208513992e+00 -2.374475790654069662e+00
-2.003495118079173798e-01 -3.831098956888196128e+00
-2.540435287903316741e+00 -2.990176812608884571e+00
-3.665531597487813542e+00 1.131988005207361203e+00
2.496420478722903624e+00 3.018808470077490202e+00
3.144949598619888764e+00 2.306676449073153723e+00
3.295771938807254386e+00 -2.128195215463267065e+00
-3.126342538631587065e+00 2.291184642110449143e+00
-2.957192065594397068e+00 -2.394494737642746340e+00
-6.510218257006008535e-01 -3.785438838101928827e+00
1.418432797345614560e+00 -3.572337530288095753e+00
3.691612255234133499e+00 -1.349188468528041973e+00
-3.681524110060715227e+00 1.027059864144284740e+00
-2.137873194145777589e+00 -3.317409573986181304e+00
-1.406748124134614142e-01 -3.915245712242958920e+00
