2.833409992953159318e+00 3.453160468800983818e+00
-1.326042728537715654e+00 -3.598235260358282339e+00
-3.451314038575834076e+00 3.205384942226253919e+00
1.334713452151789159e+00 3.469160078723509066e+00
3.486066862357287022e+00 3.321922473114349739e+00
-3.503618025456048723e+00 -1.925010800210099182e+00
3.515043953399570764e+00 -3.059255451064992748e+00
3.594383405054839109e+00 -3.384067483129366671e+00
3.474609154030274816e+00 1.590731847556430684e-02
-3.501030785477788676e+00 3.506502690516596132e+00
-1.664951022914428869e+00 3.478704673548351778e+00
-1.928096382917179608e-01 3.476299391371286074e+00
-3.191496957101413567e+00 -3.475365082315080123e+00
4.166463358212226797e-01 -3.572414056158544682e+00
-3.454290136732964811e+00 3.460424700136049747e+00
-3.570302572384945972e+00 -3.400825290724044603e+00
-3.530424229765158461e+00 -9.325255657437097057e-01
5.837290814538501071e-02 3.506104534810416951e+00
3.579943220553764238e+00 -5.553613496498684965e-01
-3.459371945012633009e+00 -6.508512849033815106e-01
-7.763254477387981911e-01 3.441313908119552067e+00
3.522784473120142312e+00 -1.902619494449463877e+00
-3.461689752418588562e+00 1.492486243713791350e+00
3.447858110535005682e+00 -8.499503067886264862e-01
3.521568699302388694e+00 -3.081326975439902416e+00
3.062327252597675020e+00 3.497898159297520682e+00
-1.651088409315874195e+00 3.573487234346777175e+00
9.071528801735732062e-01 3.464434382486884179e+00
3.353696573797931180e+00 3.510586595636962848e+00
3.048263798952720816e+00 3.548291286270649270e+00
3.456191369913483857e+00 1.224369298056239952e+00
-1.585920781578294525e+00 -3.463431995465983793e+00
3.146288789269775954e+00 -3.492864614116297783e+00
3.012856769686505398e+00 -3.410234930813751841e+00
-3.424217519618375505e+00 -3.428425214624339024e+00
3.052810424067013972e+00 -3.423557754987278212e+00
3.504174726848529264e+00 3.116550936456745635e-01
-3.431955284215256974e+00 -2.182597522889174968e+00
3.522046686863576692e+00 -2.175890295193260826e+00
5.659672417333374561e-01 3.528010914529573938e+00
-9.882607984074434082e-01 3.381379366378776563e+00
3.411480874189012802e+00 -2.368074364157776834e+00
3.467374292329639118e+00 8.157211483173260058e-01
3.482781508816211957e+00 -1.135509507592257217e+00
-2.385505554359049984e+00 -3.451476156327969669e+00
1.614812174833939018e+00 -3.496015513434273192e+00
3.463896766645290448e+00 -2.939843947774877009e+00
2.316105955233413116e+00 -3.422168908784145369e+00
1.740303474125599381e+00 -3.582967423683034447e+00
-3.491552372790664105e+00 2.753325482789753309e+00
3.459261231058883723e+00 8.647613737136257139e-01
-1.933982882237796463e+00 3.551166531493524570e+00
9.552754653882052915e-01 3.470057458478748913e+00
-1.630669991101244276e-01 3.455462096783497028e+00
1.737360592057462849e+00 -3.471064330976767476e+00
-3.510488926092275364e+00 2.149631794533930051e+00
1.398730431122187368e-01 3.518993267514138878e+00
-3.913673589767888705e-01 -3.460028868682633263e+00
2.449587908149872817e+00 -3.509179687922849400e+00
-1.857060033832807155e+00 3.488392349207352527e+00
3.484674546825445418e+00 -2.524747148652804363e+00
6.566826281766890983e-01 -3.524128939518949899e+00
-9.672095478139014491e-01 -3.488680217804484229e+00
6.176159987025884313e-01 3.501473054402992613e+00
5.568990517293819220e-01 3.560890736342478213e+00
3.560963973262490256e+00 -1.351857201272704367e+00
4.561047848778889136e-01 -3.500562303231752548e+00
-3.474830875514177908e+00 2.305620915391834447e-01
-3.365899033166219301e+00 -3.614540525657155889e+00
-2.502617247580253945e+00 3.464479426780293192e+00
2.215595577083750101e+00 3.499907609064332181e+00
-3.506917888601595035e+00 9.182401305553214987e-01
2.923428267609851083e+00 -3.532395038531591869e+00
-6.411874701746577143e-01 3.546276789505217408e+00
-3.562431182982384481e+00 -6.595731775180666556e-01
2.958852586772429683e-01 -3.462473357639741511e+00
-3.527509013091344237e+00 -4.350077662644015186e-01
2.388152329312967392e+00 3.464011819419527516e+00
3.478593094771886829e+00 2.532073256882033885e+00
2.830662202475586753e+00 3.450778667789150767e+00
-2.006021036252337186e+00 -3.451640742235857040e+00
9.993398458285200903e-01 -3.436638316427844231e+00
-3.535382381803914509e+00 -2.604952827912563773e+00
3.524133753257783219e+00 -2.134104166567803329e+00
-2.733856389904393946e+00 -3.472613337389325316e+00
3.460244410967612261e+00 -7.122395096602338604e-01
8.236484582053025250e-01 -3.519281457189559870e+00
-1.931845935969996653e+00 3.372448296381958865e+00
1.762154050012596285e+00 -3.527045837768987724e+00
1.646559535767642579e+00 3.518093308856256929e+00
-2.307850284044394851e+00 3.534428259563419772e+00
1.275058624421785414e-01 -3.508088990280131991e+00
3.475585079828813928e+00 4.296531385791728108e-01
3.522520172821737905e+00 1.413330557459098857e+00
3.497146462961871816e+00 -3.399095877995219173e+00
-3.430934838695858691e+00 -1.452363996135023649e+00
1.458661511547429512e+00 3.458594155833179862e+00
-3.449208392546202262e+00 1.865895738883806887e+00
2.082217979318116807e+00 3.530050553243481382e+00
-8.721992059481600279e-01 -3.469303080298534514e+00
1.784936886624599373e+00 -3.469557502938143578e+00
3.609376936676044423e+00 -9.516787525842843598e-01
3.527164467336932230e+00 -2.748547090627069256e+00
4.996527118115395294e-01 -3.615661645463464247e+00
3.513427381935101845e+00 5.450390870550820832e-01
-3.524054580036314555e+00 -1.966795524166319531e+00
-3.471418046431112625e+00 -2.169194942244947910e+00
-6.415577545432660234e-01 3.569035643713120987e+00
-3.530887964801869394e+00 -2.679761693419517421e+00
-2.650142893253815579e+00 -3.545791368011679712e+00
1.135252484993559685e+00 -3.554435722230274042e+00
3.473069139429178609e+00 -2.889448280989691753e+00
3.105357380081702701e+00 -3.395146356154143952e+00
-3.540273876328939640e+00 -1.119577808109299077e+00
2.734433554527777144e+00 -3.490545075203654868e+00
-2.814091949651743030e-01 -3.534891784990917607e+00
-3.483710155991255775e+00 -3.250536974730438455e+00
-3.326649336487399911e+00 3.546799589094675298e+00
-3.602860175601473536e+00 1.133145129472180157e+00
1.852479920254742840e+00 -3.404020070449065294e+00
-3.554069553349272326e+00 -1.925256263158333425e+00
1.174100741689378946e+00 3.500152716528988517e+00
1.579708642541269581e-01 3.540160203287964436e+00
-3.560035516532712219e+00 2.365453500302314715e+00
3.519467559475403462e+00 -1.585557197773102667e+00
3.406420286630233552e+00 3.557294118921224158e+00
3.524938685318110831e+00 9.394376395398860158e-01
3.541716295052790731e+00 8.759578112505475023e-01
-8.330692853321441937e-01 -3.515028559840288391e+00
-3.444017822248275795e+00 -3.439581666228017642e+00
-3.454146534131977031e+00 2.905583491591959611e+00
-3.532012878257598576e+00 -4.007918818048110676e-01
-9.117281005680679673e-01 -3.484188450406672022e+00
3.461871116334984233e+00 9.811817425716474750e-01
-3.543926179809858912e+00 1.014576029066117102e-01
2.710322605619417846e+00 3.414643836623769246e+00
1.402020756170290205e-01 -3.484168399682554096e+00
3.487137543113495219e+00 8.775900342703852886e-01
-3.468597060142168953e+00 1.955080748970264182e+00
-1.315522710087166258e+00 -3.459934369338647286e+00
3.187051511949273164e-01 3.504115072740544790e+00
-2.191083547199587755e+00 -3.473700367195834637e+00
1.989265480841662548e+00 -3.505851965491742384e+00
3.506853108799022678e+00 9.803775075871208333e-01
-1.945714634523847630e+00 -3.456646573877187212e+00
-8.503481648594336806e-02 3.503765559149734976e+00
-5.815803497150904278e-01 -3.455461987391025058e+00
-3.454209273424555970e+00 -2.747516944133456818e+00
-2.784224236982981271e+00 3.444105132706742900e+00
-3.557189381135325679e+00 3.387493108252000784e+00
-2.967982727945352117e+00 3.509572561742912544e+00
3.510070737307665834e+00 -5.543053863011184745e-01
-3.430908322383410258e+00 2.735115139960963671e+00
2.787114412907537808e+00 3.511662319866077020e+00
-3.561076810759906230e+00 -1.282787656087331030e+00
-1.663748952769658507e+00 -3.523129803435656626e+00
1.317176873857831998e+00 -3.536338462473703537e+00
-1.859107378315755899e+00 3.579485781084541962e+00
-3.450028403919861208e+00 -1.962894484604976952e+00
3.384392103677699382e+00 -3.493686731302044990e+00
1.472097403528447757e+00 3.510683541079405057e+00
6.835336212838976078e-01 -3.567630592614167373e+00
-3.523681796399817046e+00 1.279524513580823364e-01
-3.557482769108225806e+00 -3.114173377640931939e+00
-4.967609507283613501e-01 -3.465755686804993463e+00
2.561932801336630039e+00 3.492498810849897772e+00
1.233376700024067629e+00 3.425046443131497753e+00
1.213797314772810942e+00 3.540752064427764356e+00
2.653392041471505536e+00 -3.460257793779852875e+00
2.286391544454152047e+00 -3.475718129997836137e+00
2.619467201229822351e+00 -3.595544848096736246e+00
-3.473320476273427548e+00 -6.821493468441421903e-01
-3.546437986758079308e+00 2.818498557686486716e+00
-4.493098196701723057e-01 3.492600078976994205e+00
2.559166940534534529e+00 3.512159424608732650e+00
3.493622645852382913e+00 3.247266767119029840e+00
3.545142572676621029e+00 -1.998157184523531971e+00
1.735756510490874760e+00 3.566462232006606392e+00
-1.217030515631072785e+00 -3.503024239117487060e+00
-5.995121424448662806e-01 3.509617728414177407e+00
3.465296000752314587e+00 2.722587159051273797e+00
-2.435705750603931907e+00 -3.525432821721389054e+00
3.143423638285122390e+00 3.600468954038962721e+00
-3.265758793911744728e+00 -3.504912403011231081e+00
2.586617046359455774e+00 3.466821300884097123e+00
-3.057931843787816906e+00 -3.449377748419843126e+00
-3.563500572367275243e+00 -2.722757111218314208e+00
1.407724252026002709e+00 -3.474877962143321231e+00
-3.479344004024288228e+00 3.475530136223484723e-01
-2.766656746944801348e+00 -3.456694905684858377e+00
1.395993705514501360e-01 -3.543508941079856367e+00
3.357415942765060723e+00 3.489936913018585329e+00
-3.571914728831133701e+00 -2.261727792325383124e+00
-3.431203451512817360e+00 -2.364379622182829266e+00
-3.537802018609333965e-01 3.560472937587059850e+00
-3.472885228802103263e+00 -1.908676483192035311e+00
-3.554348357818828408e+00 3.034814012456388266e+00
2.711895522738305253e+00 3.462992326743568494e+00
3.568089618208746483e+00 3.496213644114928076e+00
-3.551029477460649453e+00 -2.663039449084447341e+00
-1.866043217758807771e+00 -3.514680405455849588e+00
3.508962859557899883e+00 1.869477827966260719e+00
3.306139994951993177e+00 -3.487712490470315618e+00
3.486347463407958536e+00 7.052259509690562700e-01
2.689990606579811594e+00 -3.518647735559835343e+00
-3.482835489574436227e+00 -4.536342231336197295e-01
3.549686785650797649e+00 3.395301692848649910e+00
3.496383452255853008e+00 2.009152368606273165e-01
-7.914202825431250199e-01 3.551825575365088028e+00
-3.525814260010886603e+00 1.273298345457650083e+00
-1.457609425285416593e+00 -3.467273197170309906e+00
-6.877728810662516734e-01 -3.447329255441770268e+00
-8.222693589267231484e-01 3.448135769465229483e+00
-3.514048027618081882e+00 9.752669847525844427e-01
-8.969957456588615319e-01 -3.436267762932864844e+00
3.487376975076124097e+00 -2.098777078842020138e-01
-3.474152140951305867e+00 6.667018872830930976e-01
-3.465884127793002811e+00 -6.439908913498634258e-01
-3.503326157658321449e+00 2.342664356412865523e+00
3.470744564681711442e+00 3.377365001711608805e+00
3.479242815772775721e+00 1.997460849797269677e+00
1.392467090946957198e+00 -3.488142219394338550e+00
3.463656525273069775e+00 2.350716505391398758e+00
3.538033482680616348e+00 -1.137259273703432605e+00
3.514719785250892681e+00 3.074061465732500498e-01
-2.242187653980469708e+00 3.458793312409718546e+00
3.945116424664382171e-01 -3.559296553413823450e+00
3.566002095910502767e+00 -7.709078355444538566e-01
3.218493215197874679e+00 -3.505333989546427276e+00
3.556492926889534889e+00 1.175141735994497338e+00
-3.517829692251440488e+00 -8.800457688103566767e-01
3.033517353047040732e+00 -3.469510371045755548e+00
3.552770628447873502e+00 2.279223434011830474e+00
3.446815693283818316e+00 -1.971993708379502497e+00
3.572056924190865068e+00 8.923364914726832353e-01
3.479782905834251761e+00 8.285145180078143934e-01
-3.604665595685052626e+00 3.111808958725045260e-01
1.507242332590121414e+00 -3.558776376746095149e+00
-1.156530948304315576e+00 3.440595908293269556e+00
-3.583861423823771819e+00 -3.106388837882509413e-01
-3.489834246948595897e+00 -2.589515033620444218e+00
3.510332353834419994e+00 8.249092976221747975e-01
3.507955391189646388e+00 1.134258859587152085e-01
3.991256761726442726e-01 3.490436474873670480e+00
1.635189532838387194e+00 -3.430181109058330513e+00
-3.557890315647034729e+00 2.332121933013301618e+00
-3.526916167546258141e+00 -3.155982155012658552e+00
-3.463406310163397173e+00 -1.142149117665598235e+00
3.575191135454743208e+00 1.475728569734920947e+00
9.893407549324123584e-01 3.531896515292333838e+00
1.876835031495306616e+00 3.547350481943188250e+00
-3.528274861137208340e+00 1.811525551310644522e+00
3.047423266494038607e+00 3.564907872118415977e+00
-3.572319043437915287e+00 -1.345017824180195554e+00
-2.976616380266603468e-01 -3.455112641174503896e+00
8.836470679955429341e-01 3.401274903814170525e+00
3.025291701533362687e+00 3.486127099192907863e+00
3.432870414978110407e+00 1.712653940161079635e+00
-2.612811278984666696e+00 -3.499006157482745571e+00
1.298433884117089931e+00 3.491418758276676026e+00
3.599131539186401607e+00 -3.262242146602380100e+00
3.527883093025916406e+00 3.478257681799976631e+00
-8.424926970729579301e-02 3.482612262743280063e+00
-3.478462932941639441e+00 -3.286991608025854550e+00
3.298330291293369854e+00 -3.413480178061026660e+00
-1.937971574266289077e+00 -3.488226793782072566e+00
-3.433504012273475237e+00 7.151929521428734837e-01
-6.614839430926946484e-01 3.559644634332532309e+00
4.405432668826628206e-01 3.501078069314823349e+00
3.539850231406565850e+00 -1.166417215208594288e-01
3.494035983707915349e+00 -1.161072738178449582e+00
-2.711239649357762294e-01 -3.446001904901394575e+00
1.382068956506362190e+00 -3.555030920886085077e+00
2.754440940457406617e-01 -3.575864964904382326e+00
9.653769138168445396e-01 3.531351311847642727e+00
3.200500738110554799e+00 -3.434832971042297345e+00
3.469526655900045498e+00 4.571793037656400882e-01
-2.510739694577030168e+00 -3.488801796267161137e+00
3.517458457226255497e+00 1.843490681839501821e+00
-3.425569625730533918e+00 -3.063562568191455782e-01
8.989262745523801668e-01 -3.513248527184647862e+00
3.500018415860885135e+00 -1.852739354743669464e+00
-2.944951478473583517e+00 3.482349843188038196e+00
-3.533968538716241170e+00 1.691174436907716405e+00
-5.539135110704846987e-01 3.491493767645218682e+00
3.545477011226199071e+00 3.049379839197438713e+00
3.530574824473594386e+00 1.064586718222705564e+00
-3.564471651608615677e+00 -1.628500087367511506e+00
3.612366892925584327e+00 -4.918188091450634292e-01
-3.555909114746462318e+00 6.609393330403376954e-01
1.245310427510597728e+00 -3.405830541749475859e+00
1.061511152021088034e+00 3.435514434824971541e+00
-3.474517413358323648e+00 1.773258982265291328e+00
3.487683739946299433e+00 -3.343651105574504179e+00
1.368879257391185655e+00 3.523632009795029774e+00
2.637742944301072257e+00 -3.444051082770947403e+00
-3.597190826767991290e+00 1.845686168054263110e+00
3.506064808918812226e+00 3.445315453584007592e+00
3.456717824607733469e+00 -1.537980262365640893e+00
-7.140940531132268232e-01 3.470403245944774451e+00
-3.539283715990692247e+00 3.211971883527292349e+00
-3.520084254234219223e+00 -4.842926835708253330e-01
-3.465316533849726710e+00 -1.460826203673830870e+00
-3.346181560092209573e+00 2.159219172298399769e+00
3.527707758400895344e+00 -3.230459391755127641e+00
-3.469638606211460363e+00 2.842567442189943172e+00
8.612339733268720154e-01 -3.445371444920918513e+00
4.404990627156989413e-01 3.471138639740324550e+00
-3.575817113842286510e+00 -5.238861697322160227e-01
3.555766758935562599e+00 -3.380805583266604408e+00
3.273929389581265781e+00 3.441599573962886627e+00
8.834044743996950499e-01 -3.499937426724009537e+00
7.510409906526610557e-01 -3.576468063720557033e+00
-3.484244711804945105e+00 2.290829506030460372e-01
1.963122940295342955e+00 -3.691471209579952450e+00
-3.463037327649716168e+00 3.305437390954080734e-01
-3.464877323892922689e+00 -2.198962536240002930e+00
-5.499353739813224173e-01 -3.511650133566786458e+00
1.951166830414449382e+00 3.567248505987256291e+00
-3.497789259600824430e+00 2.589455157473121716e+00
1.792561751936019965e+00 -3.494532401164791136e+00
3.447800894646697145e+00 2.863545484815297915e+00
-3.506689149506611258e+00 3.427947638497486516e+00
3.476122435353118156e+00 1.938200183318910197e+00
-1.248940979503169180e+00 -3.545057117821910353e+00
2.044098480134612927e+00 -3.477500969493111160e+00
-3.420446710566549697e+00 1.428423154498500880e+00
5.596759375366262557e-01 -3.502458679994577828e+00
-3.314113876442888795e+00 3.517274902908987144e+00
2.119496954111561138e+00 -3.465362309178951605e+00
3.534788046051829724e+00 -3.439574814484608556e+00
3.467411939635648643e+00 -3.260902247348275385e+00
-3.514447938564345897e+00 1.213736532783782907e-01
-1.463935080799019794e-01 -3.508689522171724029e+00
-3.510306164190494904e+00 2.166524492920280487e+00
-3.528069865503417724e+00 2.755361989705476855e+00
-1.141506430971229280e+00 -3.487789987172571493e+00
3.546302479790677253e+00 -2.156755316007465062e+00
3.455126381844620287e+00 -2.431295617137410492e+00
3.514160536999860529e+00 -3.226042344349064006e+00
-3.419893329654760450e+00 2.260167431364645818e+00
4.256124241025249083e-02 3.559726139773148557e+00
3.463892753423916560e+00 -2.470746629335765499e-01
-3.473130848402238957e+00 -7.760486957373960992e-01
1.102206014907708420e+00 -3.457681016799103446e+00
-1.049356297198190680e-01 3.547982114956099498e+00
2.039668879937260204e+00 -3.572517808824234642e+00
-3.504636809376482365e+00 3.213148318406371384e+00
-3.240521102386567875e+00 3.471498562244448305e+00
3.538466131590517261e+00 -1.705050701613687603e-02
3.331239892370000177e+00 -3.528728297208190146e+00
-1.324521790373550445e+00 -3.542360145737952326e+00
-2.716121603740731416e+00 3.550302625686080127e+00
-2.617488659385636129e-01 -3.503630432457881749e+00
-1.618711250311132721e+00 3.554248833804246388e+00
3.572410915459386160e+00 1.068799971127420978e+00
3.342846649852572405e+00 3.468029366611276476e+00
-3.507555294497485043e+00 8.951212830995659564e-01
3.592262055517281283e+00 1.614050593776870546e+00
-5.945703233355090767e-01 3.418383914282399516e+00
3.408288483999563745e+00 -3.550493484953128664e+00
3.457815424743970745e+00 -3.019449070109782252e+00
-6.178399314551027421e-01 -3.505639251824524294e+00
-2.060524712615109166e+00 -3.568933229249284800e+00
3.532008082504306756e+00 -2.310915744069745870e+00
3.536235927845264637e+00 3.187436812242050888e+00
-3.494306937345314612e+00 3.432924151366948173e+00
2.160878519958752353e+00 3.450350121384374802e+00
3.943201363132063930e-01 -3.473472608591583910e+00
-3.134255360570227911e+00 -3.477362414893766296e+00
2.884766385861818438e+00 -3.495829962799034796e+00
-3.425359844385811758e+00 -1.817153823631672827e-01
-7.799388707182055569e-01 3.478471036350672119e+00
3.428219748873496453e+00 3.003811115225268225e+00
3.348903103452262719e+00 3.480651591609456030e+00
1.859742917126915529e+00 3.491191619567289628e+00
2.262023953353152095e+00 -3.485227335439038399e+00
3.557043384088183213e+00 1.017046711519929980e+00
-1.156500439924413648e+00 -3.628326005100395601e+00
3.254267543295947251e-01 -3.489318490310120868e+00
3.277625351546824106e+00 3.550581414589341289e+00
-8.833592767451254879e-01 3.442020452878867598e+00
2.100778574744984528e+00 -3.451035128534406748e+00
-3.531703792067030001e+00 1.875379602046014949e+00
3.700881153833420201e-01 3.502817922558910890e+00
-3.458458366881743462e+00 1.740428228710819702e+00
-3.432078791848879096e+00 -2.498970719704405874e-01
-3.557955061230935190e+00 3.183065706582282495e+00
-3.456375284259734393e+00 3.418243397112974868e+00
3.510721419992021364e+00 3.051306253476752328e+00
2.130617872559480652e+00 -3.534219312333233720e+00
-1.192660951445837947e+00 -3.652285358710584795e+00
8.036807877674597700e-01 3.517085468847526375e+00
4.754301791770093599e-02 3.515837032741885082e+00
-3.481397135997013503e+00 -5.076335155308503433e-01
2.392726456075123576e+00 3.536099190220716171e+00
3.532900390686471770e+00 2.035301563063303565e+00
3.551793274324374750e+00 -7.562654941424028499e-01
4.885456017256534778e-01 3.509910342611552103e+00
3.532649430480471864e+00 3.961186404340468759e-01
-5.312759849632441023e-03 -3.496843544746869537e+00
-3.525424258493878416e+00 1.481116957685842062e+00
-8.719856388781642709e-01 -3.587616867006220733e+00
-3.459909430497874361e+00 -3.182413597402178329e+00
1.917747155939114378e+00 -3.534191704455829086e+00
-5.392661145103794240e-01 3.544610638163011362e+00
4.283910525065925401e-01 -3.543886094419554489e+00
-2.007537155426705411e+00 3.473016100448801602e+00
-2.109373935209373219e+00 3.543067042168863701e+00
-3.260812284145181428e-01 -3.526472205117205938e+00
-3.412953114154058110e+00 9.825905360580198256e-01
6.595729285814457832e-01 3.504894147377477509e+00
-3.483797156968399644e+00 -6.418234559110373993e-01
-3.550603294832491930e+00 3.321922292927994125e+00
-3.194784125471827441e+00 -3.541432532664251731e+00
3.498668558291045283e+00 2.006012905618784536e+00
3.439410457840542001e+00 3.114048947563159864e+00
-3.399268655925873794e+00 -3.060428363116797001e+00
-3.476340122939810762e+00 -2.066834224994583025e+00
-2.435970050785253083e+00 3.498408916354511788e+00
-3.437716158608457917e+00 -7.956241492967426610e-02
-1.926648011809811045e+00 -3.634566094733863384e+00
3.504789494737921451e+00 2.745954174203442122e+00
3.480483592781467905e+00 -3.146121705643907251e+00
-3.475375494758361494e+00 1.513670195801448903e+00
1.685090663749771789e+00 3.445325313977395165e+00
-1.939840375854615884e+00 3.506267014100431290e+00
-1.213937931344345023e+00 -3.429189067408079161e+00
1.098532201079218007e+00 -3.558829219443540026e+00
3.414008311925672778e+00 -1.356420489381383598e+00
3.542761039367295695e+00 -7.340573280719524529e-01
-2.559125591598286897e-01 3.472417038641842257e+00
-1.804257101132591634e+00 -3.459022179643763018e+00
-7.968037331567826564e-01 3.436783915891457042e+00
3.467927325164023244e+00 1.975369196028959440e+00
-1.074992024467024354e+00 3.452864552268623211e+00
3.601178120907054137e+00 -2.469117572593331644e+00
-3.514856784328421746e+00 1.439437721068585585e+00
3.522388492737084764e+00 1.202384082826618350e+00
3.488124422111958722e+00 -2.837440284465117646e+00
-6.916995295390808707e-01 3.542425042545573888e+00
4.527464362090201089e-01 3.488987761044426872e+00
-3.505290879703564233e+00 -8.734284003162285925e-01
-1.858522515870326020e+00 3.535499822032205142e+00
-3.509064392598912008e+00 -2.413834144354956857e-01
3.552221882380804274e+00 4.360457706914367404e-01
-3.578055872739158705e+00 2.194189426584558955e+00
-2.668096525570788025e+00 -3.572359870742251697e+00
2.752803573090114586e+00 3.551932967364842320e+00
3.476732563738584414e+00 2.436297937947598413e+00
9.440027401587278710e-01 -3.525488122490116449e+00
-3.533937234651632675e+00 1.579153075145569574e+00
-3.464824898972058698e+00 -2.458339996043164888e+00
-1.683178575635154939e+00 -3.472323055593919516e+00
2.081223430425094723e+00 3.486712376707263417e+00
-3.440936587936977986e+00 1.106170987652477233e+00
-9.731168547124755541e-01 -3.555911757767180603e+00
-2.026414870749754793e-01 3.519619622831218653e+00
3.495448646295010953e+00 -3.723963212356319885e-01
-3.443836616003753015e+00 2.680562888260519916e+00
-3.484013402676783500e+00 6.780149793732994645e-01
3.537081421706412598e+00 2.041264145973470945e-01
3.187407572913540488e+00 -3.561770217393963378e+00
3.105897785591622551e+00 3.501992814213173322e+00
1.087369506489164861e+00 3.515660947554085869e+00
-2.114778259152782169e+00 3.449747724356529766e+00
1.263786283379130237e+00 -3.510320415900707758e+00
3.490614727735067202e+00 2.410236824080016049e+00
-4.587837657014550707e-01 3.541020209931362572e+00
1.398213252735878598e+00 3.480383411019440931e+00
-3.512241296461796392e+00 -1.350272333244427969e+00
3.538343616582661166e+00 1.053434146168780616e+00
2.191159757356510251e+00 -3.463736068586623418e+00
3.523203476632760900e+00 1.747664125698142890e+00
-3.437162533998174396e+00 -8.331138079804987218e-01
-3.492729355382655054e+00 -2.930204940484923526e+00
-3.538635043784814194e+00 3.276009342900665811e+00
-2.721570154836542077e+00 3.483267212269869795e+00
4.641657840523454870e-01 3.432820811868230404e+00
3.453652046688738597e+00 -3.742980509033474457e-01
-3.498829692816436410e+00 3.189574368816887606e+00
3.451541900538364516e+00 3.042617741129562070e+00
-3.553238992626318815e+00 3.552798731328132398e+00
1.727927009190070029e+00 3.497336731087619999e+00
3.541066870796945487e+00 -1.695878820324929537e+00
-3.461359364603770583e+00 -1.930145348072193068e+00
3.499989520709461566e+00 7.934809689880787387e-01
1.004760891403260192e+00 -3.499910893204526641e+00
-3.468231910683375219e+00 4.661761159437190216e-02
-3.488820638828947107e+00 2.075727388500884008e+00
-2.476332858687993355e+00 -3.492297248774228535e+00
4.633330622415318123e-01 -3.587249986292814441e+00
-3.577805089593649512e+00 2.422987044897457753e+00
3.446927022053780654e+00 1.467044637409208985e+00
3.530902011728455303e+00 2.297876801697900540e+00
-3.467766341059927537e+00 -2.534472886938256231e+00
2.381651947592034746e-01 -3.503532693083020177e+00
-3.524192666502374394e+00 1.246028458683869689e+00
-1.418887631293677565e+00 3.491191725419970471e+00
2.233569390933058951e+00 -3.565647940548023254e+00
3.558706454005559294e+00 8.925908866200560343e-01
-2.940639570348618434e-02 3.503016194263506744e+00
-3.484028384790485156e+00 2.137286811554500510e+00
9.799827083551923002e-01 -3.415958790618631280e+00
-3.504909507136733104e+00 -2.526251985853990245e+00
1.405123683043844940e+00 -3.555318452883749814e+00
-3.532352148076044251e+00 8.824729728490365854e-01
-5.691548676379574179e-01 3.498359487407542101e+00
-3.460726008574427137e+00 -2.173599304254540066e+00
-3.480489728478346478e+00 -4.099866953938785530e-01
-2.431212243579268684e+00 -3.534264234679007188e+00
-3.494245463007520147e+00 3.296700981248312234e-01
2.489270440936941942e+00 -3.527776199371199350e+00
-3.511912429515684941e+00 1.070364233316319691e+00
3.480902481361175305e+00 3.779287626521558863e-02
3.487829447084423773e+00 1.222704516983709633e+00
-2.489912983593664642e+00 3.482673991833369342e+00
-3.413019487835882604e+00 -3.543622602136482058e+00
1.451612533917895131e+00 3.564421502122870677e+00
-3.480202987022388506e+00 1.140294484166085809e+00
3.563887748574106618e-01 3.564967206244272102e+00
-3.481602246252787580e+00 -2.406949904347705171e+00
2.881382681977889604e+00 -3.423238137757461885e+00
-3.489600198626862770e+00 2.380287038837450186e+00
3.452638201934603579e+00 -2.478932649157541857e+00
-4.724482766115556398e-01 -3.602929032400796761e+00
3.498249252874209514e+00 -2.050207756765542566e+00
3.452742825118953807e+00 -2.165125027094326526e+00
-1.731902094486431398e+00 3.456456729174433917e+00
-3.500228713250316481e+00 8.542056895894719615e-01
8.544058146101672635e-02 -3.477441529564390787e+00
1.659631961422715740e+00 3.517755056561137739e+00
-3.492825746204420767e+00 3.304086777070355474e+00
3.417138229270781480e+00 -8.915777597677218003e-01
3.472800074939851989e+00 -2.028535507837044616e+00
-3.519830070751623019e+00 1.772878489310466099e+00
-3.198653308705914800e+00 -3.582581871679803243e+00
-3.538818689426148634e+00 -1.769615779840847836e+00
3.546051378321454450e+00 1.889089936839025263e+00
3.520949297367752084e+00 5.188569400228589812e-01
-2.989918186337591766e-01 3.543282439494436442e+00
-1.343459124980258323e+00 3.603241481813693525e+00
-3.555705731651457313e+00 4.196083450551682525e-02
4.367520637312917176e-01 3.546049653225247678e+00
-3.587716236547716875e+00 1.443417174231962086e-01
-3.501430069969235337e+00 3.487646683939242820e+00
1.439049444701600899e+00 -3.522652497436479901e+00
1.210571258051259314e+00 -3.491337059895527339e+00
-2.576060877729089427e+00 3.445728319378615456e+00
-1.887781419717826870e+00 -3.501043372276131382e+00
-2.335226079839555435e+00 3.441866214248130440e+00
-3.092752538348169100e+00 -3.519167066559317103e+00
-3.538694830015742809e+00 2.051746752178992494e+00
3.489575492491917341e+00 -8.963318726216247256e-01
-3.508977609782820917e+00 -1.123271458773489995e+00
1.238004607939922286e+00 -3.511070788421357225e+00
2.811158551484002732e+00 3.542857177333982310e+00
-6.373483396283572411e-01 3.504154974999088346e+00
3.523378097767049688e+00 3.136333679137004005e+00
1.267622056411741749e+00 -3.445792251001711826e+00
-1.915632024765331565e+00 3.490507439818126834e+00
-1.014453153261900109e+00 3.462974380597433122e+00
-3.564388860063667508e+00 -1.937920263156084566e+00
-1.401704242770555942e+00 -3.524383122548548020e+00
3.513175262193570791e+00 -3.513597251114630282e+00
3.459075451933232070e+00 -5.972133685088598654e-01
3.563313596088912849e+00 -5.161502402140770718e-01
1.841407175187264711e+00 3.524939914529213958e+00
-3.453529029564291086e+00 3.402223897754025561e+00
-3.448283708014062476e+00 3.432192025614750452e+00
-3.546618244235817841e+00 -1.088924546043462893e+00
-1.158144573935065758e+00 3.548391815330266486e+00
3.474175230347854360e+00 -2.801248483517885024e+00
1.817526470662815141e+00 -3.468122839898396315e+00
-3.527903316069131545e+00 2.378824684282198287e+00
-4.454019775267285541e-01 3.516796286851641806e+00
1.725404138570575396e+00 3.547758088623067962e+00
8.459660945222269302e-01 3.544079721966136187e+00
2.631390400504918237e+00 -3.584322303685905986e+00
3.555529985400548654e+00 -1.962183235815729621e+00
1.612396387461598080e+00 -3.528766902368140723e+00
-3.453310663912962930e+00 -2.427880822904330049e+00
-3.428737636746446160e+00 -2.460531378711688699e+00
-3.500221662464248151e+00 -1.493798191159078526e+00
3.567674943153931189e+00 2.979879441699623932e+00
-3.506971296450363873e+00 -6.435995127615367073e-01
-3.381280498131917778e+00 2.968751633939992196e+00
-3.272808162940077814e+00 -3.570494015690552025e+00
-3.534771269637473790e+00 -3.298699550153683990e+00
-3.585567388672900258e+00 -1.726847651515179827e+00
1.849584348306969606e+00 3.477328666383038058e+00
-3.552316390160346060e+00 -3.275173496503521520e+00
-2.150646248039077335e+00 -3.493172776652984091e+00
-3.509050446349070818e+00 -2.368140363254565894e+00
-3.489232816987196450e+00 -2.588846427181538346e+00
-3.412023869343440818e+00 1.286322024590224711e+00
3.411468491875746967e+00 1.486101085904603769e+00
7.887807607147304667e-01 3.498747996217651313e+00
3.527573956683772938e+00 -5.163205205863277136e-01
3.257620132842085958e+00 -3.564976722860502711e+00
1.979048870814617889e+00 -3.618763237719980985e+00
-6.613280314736229570e-01 3.502328259524502663e+00
-1.414014483186183613e+00 -3.541720860516074154e+00
5.016787544161835921e-01 3.429509596893614898e+00
-3.518737091355755631e+00 3.671494170511970245e-01
3.508531179710089098e+00 -1.164037476534228510e+00
-2.782209434535996895e+00 3.576603516879393929e+00
-3.028617354771142356e+00 -3.449905349409455368e+00
3.496919558160093366e+00 3.267485807179734802e+00
-3.462684599749622283e+00 9.515990329754874244e-01
-3.420190688303443416e+00 -9.154174422355545460e-01
2.946915969322652540e+00 3.543359614301473837e+00
-3.546862863154466972e+00 1.900280940205222091e+00
3.490123277924912948e+00 1.567313148481402019e+00
-2.854012435701208661e-01 -3.538654655358435708e+00
3.561538605213735220e+00 -5.298133946974821207e-01
2.614610921712290370e+00 3.437630078833489478e+00
-3.440536897686010231e+00 -1.577312115513923585e+00
3.144258471743257566e+00 3.409543258926586162e+00
-5.318817419914594058e-02 3.456987244387004665e+00
-3.424808262424817062e+00 -2.388347141297155307e+00
-3.478464621873101681e+00 -7.425343999601385914e-02
2.539439835208437302e+00 -3.517912875443435006e+00
1.185188841197050147e+00 -3.562278220597675737e+00
-2.021314391985849390e+00 3.510577046170119786e+00
3.582423855882466146e+00 2.024712352148562378e+00
-6.317083332714295008e-01 -3.410148328476333646e+00
-2.716543267275567608e+00 3.490876075327755235e+00
2.799166568609320116e+00 3.536058307309888349e+00
-2.558508688876607096e+00 -3.586466642198795185e+00
3.436046814248974179e+00 2.976583714400200975e+00
-3.545939236018105678e+00 -4.407576953397164266e-01
-1.676185217756804402e+00 -3.535243056188103417e+00
2.852656572071209595e+00 3.519964111526383999e+00
-9.685483503591987287e-01 -3.523761820893791974e+00
3.478369644273007211e+00 -2.900128643454230382e+00
3.508844943159570295e+00 2.520870703993337791e+00
3.479312226016985310e+00 -3.367497671183302121e-01
4.430400284762799901e-01 -3.517629140936428644e+00
-3.612227005203228369e+00 -1.476077847775165486e+00
3.562179525940886382e+00 -2.034616155220916323e+00
-2.653347675023705055e-01 -3.520548399828151709e+00
-3.515264019793313377e+00 2.258514003299250117e+00
-3.432086053842248408e+00 -2.244074720554331659e+00
-8.027682038546838372e-01 3.466905481526453947e+00
-3.531262823664311323e+00 -7.083387845528088533e-01
-2.871615309665664917e+00 3.476147210455607262e+00
2.447144938264273595e+00 3.584826072522742990e+00
-2.833325772719343050e+00 -3.470440091653550052e+00
3.521826345170766981e+00 -3.145788197172249667e+00
3.385221468419260304e+00 5.450009652969808327e-01
-3.230913525898316596e+00 3.520142751393823488e+00
3.554784604039862739e+00 -1.430561036244766715e+00
-1.856600800050731914e+00 -3.573381885529929303e+00
2.427614313017816716e+00 3.497432854094093102e+00
-3.465065538956344060e+00 2.814509520616502947e+00
7.692915763955169295e-01 -3.553074987932807183e+00
-1.429928714839675319e+00 -3.451198908074445182e+00
3.203343014534515421e-01 -3.460681796754850659e+00
2.215899889115824362e-01 3.508576183202569254e+00
-3.515439985757673913e+00 -3.101964219074408557e+00
-3.536796237008232424e+00 8.384783603312763178e-01
2.046554650218538551e+00 -3.438558436975109878e+00
3.604711454639564217e+00 -5.209957256773413148e-01
-3.549694338517703329e+00 -1.971027732946584399e+00
-3.519771065079432493e+00 1.934839367265502652e+00
-3.315855418901596074e+00 -3.512336826746119023e+00
1.287519579778436452e+00 3.475027986427848603e+00
2.322856379088995560e+00 3.493758422302219113e+00
-2.451534289571415837e+00 -3.579123932224700155e+00
2.185100621299207901e+00 3.481170166547027378e+00
-2.312688168746139361e+00 -3.567024446358132206e+00
-3.448954785605362616e+00 -1.890589556679744598e+00
3.165400894367365936e+00 3.559779826749989606e+00
2.674037418428617752e+00 -3.573726274649601464e+00
-3.468646092009723514e+00 -1.447474192082665034e+00
1.987410236336086156e+00 -3.366551533614844161e+00
-2.033633983287699731e+00 3.479302063503335152e+00
3.470810449405405507e+00 -1.726637885578329312e+00
-2.450320479727304157e+00 3.535995238452850131e+00
-1.045452605878208208e-01 3.577530196990154732e+00
-3.545240747673584103e+00 3.060747404789649018e+00
1.768365430681764439e+00 -3.500507722328987992e+00
3.556208659904256386e+00 3.178202707757876055e+00
-1.232009349577740887e+00 3.495338959605898577e+00
3.524025183666768424e+00 -1.509109916377197047e+00
-6.908149906451590549e-01 -3.438051830061499281e+00
3.526992644976765234e+00 -3.515118644167668283e+00
-2.903002917183170606e+00 3.417720153614236533e+00
3.472617944227926134e+00 -1.479578056736593039e+00
-3.541598875048577177e+00 -2.850964269882465540e+00
-3.469565273468993460e+00 2.236210001178838613e+00
-3.488275835902070909e+00 -2.725271435765131756e+00
3.466349444841362537e+00 1.492290124104410864e+00
-2.735353848463416004e-01 -3.580010175869547062e+00
-6.543847081692862888e-01 3.432336794279222669e+00
-1.778613294073663642e+00 3.472267876348631876e+00
7.980104009068159643e-01 3.477916079945782002e+00
-3.515306933906005238e+00 -2.769316038194017171e+00
-2.727942976491263050e+00 3.556357946167807871e+00
1.990822517100316214e+00 -3.449770474426292033e+00
3.504080171661330567e+00 2.523469028349877963e+00
9.058779022341564291e-01 3.423408126978090937e+00
1.010621211078491788e+00 -3.444109614785408002e+00
-3.575642361308663641e+00 7.830037158862933611e-01
3.577811341262470801e+00 4.968319260137517568e-01
-6.262372250807166640e-01 -3.495749750257592936e+00
-3.332092014400743540e+00 -3.497155909696281650e+00
-1.024768705704922400e+00 3.492310821711443136e+00
7.911924027144885407e-01 -3.470017944747029848e+00
3.514454360155957691e+00 2.632040257042895792e+00
-2.769235723504876123e+00 3.444712479073797518e+00
3.430204269932525474e+00 1.067954587798253918e+00
-3.514596964615765984e+00 2.094694226713797569e+00
3.531976948154383233e+00 -2.336538869885895764e+00
-2.075090318310715443e+00 -3.475642120868017049e+00
-1.933821022608701368e+00 -3.568991016334774002e+00
3.486260607521459942e+00 3.298208030844969940e+00
2.534911428330540506e+00 3.406402691512978809e+00
-2.786255217146040852e+00 -3.514234464058917595e+00
3.473624605807375421e+00 1.860860436397375195e-01
-2.252669265385715214e+00 3.537157460603761905e+00
3.483156115013292808e+00 -4.003050761672307112e-01
-8.040021376832358069e-01 3.551156334755531052e+00
-2.573105027880123519e+00 3.504915265624373610e+00
-2.917867174469169989e+00 -3.550437501912404592e+00
-3.192959538975292055e+00 3.476597032865922365e+00
-2.824034844597972160e+00 3.572850858602286461e+00
3.484503896896192998e+00 -1.530583793594505027e+00
3.547500498814638803e+00 -8.791987006980735986e-01
3.577774327525835130e+00 -2.644804057494432037e-01
-1.157403522063980006e+00 3.566013075434427915e+00
7.640858581614008438e-01 -3.508795012804348357e+00
-3.340589609479128752e-01 3.474283558146466167e+00
3.487796662175730145e+00 -2.449061699815893167e+00
3.606544221075148382e+00 -2.986252941180076448e+00
-3.474507208899710431e+00 -2.833268039896707613e+00
-3.511223877628104617e+00 9.914999026086837031e-01
3.527939315769943018e+00 3.388708562512393385e+00
-1.268272924488888620e+00 3.523303248214424421e+00
3.508682038336492504e+00 9.085666050187299891e-01
-3.183816017139466936e+00 3.498939985764994098e+00
-3.456370869375642751e+00 6.466501640165778220e-02
-2.400112508068942829e-01 3.567946167943627067e+00
-3.466991011068160766e+00 1.897079023468822179e+00
7.995127665601938771e-01 3.586281049312709079e+00
3.554282570732406832e+00 -2.953138749409563779e+00
-3.516137124364810518e+00 -8.487466269986396750e-01
3.433720001652316611e+00 1.106889776891751609e+00
3.560770695830950405e+00 3.209729097241804663e+00
1.442387385776387587e+00 3.536063136547027863e+00
-3.444735113227400003e+00 3.381207855294997344e+00
5.048139269251157302e-01 -3.482471904488604331e+00
3.478998677039198739e+00 1.478299972336093449e+00
-3.485452144125677165e+00 6.404383643036063445e-01
-1.275780830748023398e+00 -3.533126677491208678e+00
3.473524117755876883e+00 2.148382841238433816e+00
-3.267510825333667768e+00 -3.479020375148151878e+00
1.294100727570974829e+00 3.495469759346051752e+00
1.515079244507866185e-01 3.556735514066822201e+00
3.379629678283226024e+00 -3.467542617714654440e+00
-3.426996739617573340e+00 6.652351621195637943e-01
1.217240538543750139e+00 -3.481112885296338888e+00
-3.478524113738433954e+00 -1.223771951116682688e+00
-1.762809906732660359e+00 -3.450487681635064696e+00
-9.435780187545500519e-01 3.475104026951482794e+00
3.256585700978556819e+00 -3.509329266339471953e+00
-3.461467384825061000e+00 -1.879998319095563808e+00
-3.430740269900470096e+00 5.267935913479550036e-01
2.467263094846913862e+00 3.548443803697327148e+00
-3.356805662917137223e+00 1.068158319134722589e+00
-3.040196532936355833e+00 -3.468577564034554417e+00
3.598404954799058864e+00 -2.387899845257066112e+00
2.454267889004790870e+00 -3.528906744499832548e+00
-3.494904414130921122e+00 -3.393032106798701708e+00
-3.602146687382366874e+00 1.655668426169396357e+00
-2.936890170207471229e+00 3.521142707105638259e+00
-3.484258182029403184e+00 3.394059440475055478e+00
-1.041814229281061932e+00 3.520822574692097362e+00
-2.339998076948547112e+00 -3.595371037830000560e+00
-1.897193042594978785e+00 -3.417943830915790127e+00
-2.606884156389980944e+00 -3.408899976924273378e+00
3.585282397514170771e+00 2.284315546414937170e+00
6.588441247055752958e-01 3.579933878216016829e+00
-2.383114777577280297e+00 3.462753118967201615e+00
3.489636396139669028e+00 1.312867958140503249e-02
-2.758678066619894564e-01 3.479139027653123772e+00
3.448062418728925049e+00 -1.717986066292682246e+00
-2.910295391673590082e+00 -3.481812611119326828e+00
-3.086832146992093961e-01 3.557954680415582160e+00
-2.720435437025463976e+00 -3.613748860693387854e+00
2.376087632247091630e+00 3.541362170107090979e+00
-3.505148798354040807e+00 -1.131446091137438881e+00
-1.407850062877002539e+00 -3.489853376307406219e+00
3.453052327193727233e+00 2.629600716327770371e+00
1.935301047825406018e+00 -3.504238134504186419e+00
-2.489028134448613372e+00 3.598295843036388497e+00
3.545888172081406164e+00 1.720076912473713360e-01
3.499315635809393310e+00 3.206919707288608645e+00
-3.421873180184484831e+00 -8.325442789022116097e-01
3.487394849008854436e+00 2.029875857669540373e+00
3.469938302085004089e+00 -5.890953688720094172e-01
1.003761901184646588e+00 -3.457830781476950222e+00
3.627358225189558638e+00 2.871048785914313006e-01
3.525700694526210377e+00 -3.022277094286778709e+00
8.716399894297735540e-02 3.429117132505393517e+00
3.521795252415099942e+00 -2.709364405680594889e-01
3.617791400528941992e+00 4.606866695366947928e-01
-2.011058395877946270e-01 3.588181597862798888e+00
3.177100074266935525e+00 -3.553329634934875525e+00
1.967134554292874871e+00 -3.479282711728697297e+00
3.478333941964469656e+00 -1.429628300416585507e+00
3.438251423851509170e+00 -1.515663520729866987e+00
3.539237258166165301e+00 -1.833730480137996111e+00
3.912727060723282246e-01 3.361752663087050230e+00
-2.933578505153534355e+00 3.410972297060091307e+00
1.003059121955182986e+00 3.561042087761753017e+00
-1.470262117971935290e+00 -3.470691859440036886e+00
3.553767140570617489e+00 3.234690013713419798e+00
2.561013720597756560e+00 3.546884885304758761e+00
-3.253629549430888446e+00 3.413813343545042400e+00
1.329088440673918070e+00 3.419627140300992796e+00
-3.395750192803135725e+00 -1.936335855774222070e+00
-2.133211511610011435e+00 3.382916408131234398e+00
-2.227396647120072348e+00 3.572385550424996392e+00
-3.479985871579329704e+00 1.690749783161527242e+00
-3.548343386605415262e+00 -1.966196008176415155e+00
2.629980916266986046e+00 -3.431172500757438737e+00
3.572664197395559516e+00 3.070346166454533510e+00
-1.762072658872720354e-01 3.568930260343106120e+00
-1.128023060084319962e+00 3.466419562800746590e+00
-1.996108201264727766e+00 3.529290571458298054e+00
1.166307866971324714e+00 -3.490521042361514947e+00
2.895606470606892469e+00 -3.484796470479597730e+00
-3.543324908114950045e+00 2.020543847066536891e+00
2.902392170336258292e+00 -3.546824690569132077e+00
3.483611637847928488e+00 -2.112796589639849731e+00
3.430916795804989761e+00 -3.733717666133075652e-01
-1.026637508781812702e+00 -3.528961790023363854e+00
-3.454981798301866469e+00 1.915512351697677085e+00
-3.537330436365491604e+00 2.051148878745324033e+00
7.045214279080062036e-01 3.448931546577777674e+00
-2.885206337922907593e+00 3.553893449482470324e+00
3.556080783523435151e+00 -4.204534871146422548e-01
9.703807704902096543e-01 -3.492540937162952996e+00
3.516741998076589049e+00 3.474896420685939624e+00
-3.511507577674875424e+00 -2.568035025906372226e+00
-7.572467973986625189e-01 -3.426606006099412127e+00
-1.508835337538311006e+00 -3.548174977867821767e+00
-1.701328406159423379e+00 -3.483075352135533098e+00
-1.968083235607067882e+00 3.472727529169318927e+00
-3.181576806264555746e+00 3.491625267809974620e+00
1.172407319496280964e+00 -3.467242095748272135e+00
3.465599811914364725e+00 6.973843102974586206e-01
3.546880281385887290e+00 -1.802752088301992517e+00
3.524927686320841413e+00 -1.083433170213600638e+00
-6.839441772605389103e-01 3.563254774908803491e+00
3.421914387975344418e+00 3.262358698513039279e+00
1.501684125512343058e-02 3.479141929866671035e+00
-1.809961220765914813e+00 -3.538419011509016610e+00
-6.482600197841952294e-01 3.466291585480455240e+00
-3.518464923597158123e+00 1.289017865551531417e+00
3.439740613281731196e+00 6.479035867709895813e-01
3.281943831010923684e+00 -3.524411180592905257e+00
2.755768826586399989e+00 -3.500581875319422220e+00
-3.594766109457909753e+00 -1.432890757726248632e+00
1.914689306967401139e+00 3.461684841579503846e+00
1.348351508744108695e+00 3.526406589722272500e+00
-3.448684321358203686e+00 2.762333433913199521e+00
3.484624511402052427e+00 -2.856983246825690603e+00
3.517234367325676292e+00 -1.374051566113332901e-01
2.623604169232715666e+00 3.510633822592602371e+00
3.463928451036522471e+00 5.087011872996343165e-01
-3.013036037816382962e+00 3.460861337199939047e+00
3.473419492690660082e+00 9.237084499685246364e-01
-6.966715594655171762e-01 3.474121281740293554e+00
3.502657611637541635e+00 -2.805144606685137543e+00
3.430768147023354864e+00 -1.484875302991651047e+00
3.616963080493225124e+00 -1.966943716434261580e+00
3.367884258595026825e+00 2.531623043065911904e+00
3.481543770301380736e+00 1.917609463349913224e+00
-2.345163276992932033e+00 -3.516108628595716823e+00
-3.531609458910734300e+00 -2.837904470344976282e+00
3.489533629526791358e+00 -1.441565200910974065e+00
-3.510789982982353230e+00 1.827501936701830365e+00
-3.391793168887028642e+00 -2.086488173447003547e+00
-3.160967824339675492e+00 3.466596083066387557e+00
-3.432561460673141607e+00 3.485602793071303829e+00
-3.445299204421749639e+00 7.216607402770208735e-01
-3.515117156009826882e+00 -2.745102223143634834e+00
2.985985545489339366e+00 3.490782787183327684e+00
3.467459216801550337e+00 1.825099033861909970e+00
3.031001382507555686e+00 3.453601719103659207e+00
3.473305981114179541e+00 2.440018335865696386e+00
-3.465142664165058228e+00 -1.412814545671671418e+00
2.839268560192080404e+00 3.536761839795189655e+00
-1.212229728665639383e+00 -3.475962389300632172e+00
-3.579576579492936617e+00 -1.827871506259713508e+00
-3.530360571746786746e+00 -3.360815320963604691e+00
-3.441577247104318005e+00 -1.313620987768493897e+00
-3.489874456755843291e+00 -1.738137763451094608e+00
6.225576331989697287e-01 -3.483840456981767364e+00
-2.409033697723349743e+00 -3.410117863092443358e+00
-3.540205915053472374e+00 -2.863273968199210540e+00
-3.572693529337791496e+00 5.648578327101742014e-01
3.416473058458134648e+00 1.724345361122533005e+00
1.342803963406601575e+00 -3.413003124278841227e+00
-1.197906379691668910e+00 -3.370648656848752367e+00
3.535562936344901708e+00 4.175541836375495919e-02
-7.476651593616654434e-01 -3.481201505841221788e+00
3.595142819967686698e+00 -1.582572422014663971e+00
3.529320457680654499e+00 3.046193758736808643e+00
-3.573406002482508281e+00 2.213381380180744262e+00
2.957601024435771553e+00 -3.584062581092012589e+00
-3.518246015068647647e+00 -3.448167561794413416e+00
2.814724300998939110e+00 -3.544646822961275756e+00
3.541131215524643050e+00 9.390856558050021397e-01
3.530623185548328991e+00 -2.617239567057157767e+00
-3.462820468189183654e+00 -3.544627046107832857e+00
-5.437599208680258256e-01 3.486068991918932714e+00
-3.110690437857932533e+00 -3.516857210797324385e+00
3.506285318421206831e+00 2.150872155011503306e+00
-3.570656104916082096e+00 -1.990231562423805389e+00
3.460644478102822497e+00 3.592687215509863918e+00
-1.148124321102655943e+00 -3.393473755206609432e+00
3.555031177555799005e+00 -1.004724386447865880e+00
-1.686798553616156937e+00 3.455450820683809265e+00
3.527932120999334398e+00 2.730244518474911342e-01
3.518303790465621805e+00 2.306678678599223709e+00
-9.765343018033474376e-01 3.492054362557567515e+00
3.491817097809065462e+00 3.025643739020640766e+00
1.722958021246533189e+00 -3.521268910897712434e+00
3.456639597250113383e+00 -3.584361954272499706e-02
3.500546239661395997e+00 -2.262594412165288116e+00
-3.464793470168370693e+00 -3.240668779352598339e+00
-3.528953445245312182e+00 1.943510920843811718e+00
9.304288213904924332e-01 -3.516805469980413434e+00
1.410677278239768961e+00 -3.502159742286424127e+00
-1.186891587145011195e+00 3.580877795796187701e+00
-3.503434753309567551e+00 1.621270942840209894e+00
-3.493113027922309488e+00 -1.806579117536276868e+00
3.359057196280239133e+00 -3.199784792973708214e+00
-2.918024086583334675e+00 3.579595974341290177e+00
3.547074324749607488e+00 -2.615550564494715235e+00
-3.534550106940054004e+00 7.810526119509795251e-01
2.034056270042990722e+00 3.472110938456776985e+00
1.024310201502346418e+00 -3.425914807072804269e+00
-3.401688213225444901e+00 1.030162896329858135e+00
1.117568192166184415e+00 -3.485049105702751948e+00
-3.540351539667540681e+00 2.927346777699699309e+00
-2.581017981133335581e+00 -3.516814654070812285e+00
-3.493410142034754085e+00 -2.886934584388065606e+00
3.469601671530527121e+00 -1.832364107462585157e+00
-5.920786042211202416e-01 3.465619454769457430e+00
1.772471185165785723e+00 -3.568069439619715677e+00
3.411029608487209153e+00 -2.847683395495120617e+00
3.534526713499245520e+00 9.968461096319920500e-01
1.585275585780387964e+00 3.464839946332384457e+00
-1.143273902693191957e+00 3.508322587144594884e+00
3.625747751145398823e+00 -2.242334169262550692e+00
3.526358966200572098e+00 -1.215521185826457184e+00
2.410318528416864670e+00 3.570080323953384926e+00
-3.470080239876894179e+00 1.519410048251093270e+00
3.370964619752847558e+00 -3.514731243497863478e+00
-5.814032042448415982e-01 3.479803262237842532e+00
-1.498313171388868659e+00 3.588925474548423811e+00
-3.355374269235620766e+00 3.500240145997187913e+00
-3.416797339799008792e+00 9.438042431978310720e-01
-2.041706385356276132e-02 3.425312150399026478e+00
-3.449704736814545925e+00 -7.771797933733598507e-01
-2.454451786113251099e+00 3.429045743330543683e+00
-2.107617622060102391e+00 -3.564297501538469248e+00
2.720838838800621939e+00 -3.527832368721802947e+00
1.121408420411956097e+00 3.518915234965682259e+00
-1.236824330661215443e+00 -3.421686554595231744e+00
8.842616216784912053e-01 3.425317048873762982e+00
-3.431805163960987670e+00 3.422769210491778402e+00
3.461559370174421169e+00 -3.164995984657709149e-01
2.602089093814285548e+00 -3.583185872968998265e+00
-3.451908402922982066e+00 -1.409489747475616561e-01
-3.493926858216337195e+00 1.002665588502118288e+00
-3.031106781416391893e+00 -3.525733315824163050e+00
-3.561700168028421043e+00 -1.705629936565716598e+00
3.493416907539705019e+00 3.468832059069073548e+00
-3.503958455345689504e+00 5.451188473224224396e-01
-3.463419049150070705e+00 3.108737589774291710e+00
-3.471381270621081150e+00 -3.535870259694921192e+00
-2.851588426706896495e+00 3.500388138812635663e+00
8.004998797211408945e-01 3.573444377264349825e+00
-3.553620683180689799e+00 7.157924608825436685e-01
-3.419367689276660460e+00 1.012016693846590876e+00
-1.076338746862523399e+00 3.505840730776276892e+00
-3.532992012653321190e+00 -2.335209304887052362e+00
-3.448702117429232494e+00 5.578239987865448724e-01
3.495798178629769382e+00 1.808516427924836245e+00
6.123443056005484220e-03 3.554809290504741703e+00
-3.491609439360365830e+00 -1.518224273149674231e+00
-1.102407231696375389e-01 3.395961014993603033e+00
-6.695467174584582848e-01 3.500596521873633460e+00
-1.401548489068935810e+00 -3.528238795963979157e+00
